10011010001011101000110001110100
00010110100001110100011011101010
00001010001110000010100100010110
01100100111111101100100111001110
11100100011011110110011100001101
10110111011111010111110100111111
10110010011100111011100100011011
11011001110000110110110011011000
11110000010100100010110011001001
11111101100100111001110111001000
11011110110011100001101101101110
11111010111110100111111101100100
11100111011100100011011110110011
10000110110110011011000100110111
01110011100111100111011111111101
10010011100111011111010100111100
10011111010010100010111100010111
10001110101100110111100111110000
11110110100111001111001101000101
11010001100011101000001011010000
11101000110111010100000101000111
00000101001000101100110010011111
11011001001110011101110010001101
11101100111000011100101101110111
11010111110100111111101100100111
00111011100100011011110110011100
00100100101011001101100011110000
01010010001011001100100111111101
10010011100111011100100011011110
11001110000100110000011011101111
10101111101001111111011001001110
01110111001000110111101100111000
01100110010110011011000100110111
01110011100111100100100111111101
10010011100111100111101010011110
01001111101001010001000111010100
11010001011101000110001110100000
10110100001110100011011101010000
01010001110000010100100010110011
00100111111101100100111001111001
10010001101111011001110000110110
11011101111101011111010011111110
11001001110011110011001000110111
10110011100001101101100110110001
11100000101001000101100110010011
11111011001001110011110011001000
11011110110011100001101101101110
11111010111110100111111101100100
11100111100110010001101111011001
11000011011011001101100010011011
10111001110011110011101011111111
01111010110011001111010100111100
10011111010010100010001110101001
10100010111010001100011101000001
01101000011101000110111010100000
10100011100000101001000101100110
01001111111011110101100110011001
00011011110110011100001101101101
11011111010111110100111111101111
01011001100110010001101111011001
11000011011011001101100011110000
01010010001011001100100111111101
11101011001100110010001101111011
00111000011011011011101111101011
11101001111111011110101100110011
00100011011110110011100001101101
10011011000100110111011100111001
11100111100011111110111101011010
10010111101010011110010011111010
01010001000111010100110100010111
01000110001110100000101101000011
10100011011101010000010100011100
00010100100010110011001001111111
01111010110101001011001000110111
10110011100001101010110111011111
01011111010011111110111101011010
10010110010001101111011001110000
11010101100110110001111000001010
01000101100110010011111110111101
01101010010110010001101111011001
11000011010101101110111110101111
10100111111101111010110101001011
00100011011110110011100001101010
11001101100010011011101110011100
11110011110011111111011110101110
01101011110101001111001001111101
00101000100011101010011010001011
10100011000111010000010110100001
11010001101110101000001010001110
00001010010001011001100100111111
10111101011100110101100100011011
11011001110000110010110111011111
01011111010011111110111101011100
11010110010001101111011001110000
11001011001101100011110000010100
10001011001100100111111101111010
11100110101100100011011110110011
10000110010110111011111010111110
10011111110111101011100110101100
10001101111011001110000110010110
01101100010011011101110011000000
10100101111111101111010111001001
00111010100111100100111110100101
00010111100010111100011101011001
10111100111110000111101101001110
01111001101000101110100011000111
01000001011010000111010001101110
10100000101000111000001010010001
01100110010011111110111101011100
10010010010001101111011001110000
10011000001101110111110101111101
00111111101111010111001001001001
00011011110110011100001010110101
01100110110001111000001010010001
01100110010011111110111101011100
10010010010001101111011001110000
10101001000110111011111010111110
10011111110111101011100100100100
10001101111011001110000101011110
00011001101100010011011101110011
00000010110011111111011110101110
10100101111010100111100100111110
10010100010001010111110100111100
00111101101001110011110011010001
01110100011000111010000010110100
00111010001101110101000001010001
11000001010010001011001100100111
11110111101011101010010110010001
10111101100111000011010110010110
11101111101011111010011111110111
10101110101001011001000110111101
10011100001101011000001100110110
00111100000101001000101100110010
01111111011110101110101001011001
00011011110110011100001101011101
01011011101111101011111010011111
11011110101110101001011001000110
11110110011100001110011100101100
11011000100110111011100110000001
01101011111111011110101110101001
01111010100111100100111110100101
00010111100010111100011101011001
10111100111110000111101101001110
01111001101000101110100011000111
01000001011010000111010001101110
10100000101000111000001010010001
01100110010011111110111101011101
01001011001000110111101100111000
01000011010101101110111110101111
10100111111101111010111010100101
10010001101111011001110000110110
01010110011011000111100000101001
00010110011001001111111011110101
11010100101100100011011110110011
10000110111000001101110111110101
11110100111111101111010111010100
10110010001101111011001110000001
00111000011001101100010011011101
11001100000010111001111111101111
01011101011101011110101001111001
00111110100101000101111000101111
00011101011001101111001111100001
11101101001110011110011010001011
10100011000111010000010110100001
11010001101110101000001010001110
00001010010001011001100100111111
10111101011101011101011001000110
11110110011100001001001010110111
01111101011111010011111110111101
01110101110101100100011011110110
01110000101011001011001101100011
11000001010010001011001100100111
11110111101011101011101011001000
11011110110011100001010111011011
01110111110101111101001111111011
11010111010111010110010001101111
01100111000010000101010110011011
00010011011101110011000000101100
00111111101111010111100010000111
01010011110010011111010010100010
00111010100110100010111010001100
01110100000101101000011101000110
11101010000010100011100000101001
00010110011001001111111011110101
11100010000100100011011110110011
10000110110110111011111010111110
10011111110111101011110001000010
01000110111101100111000011011011
00110110001111000001010010001011
00110010011111110111101011110001
00001001000110111101100111000011
01101101110111110101111101001111
11101111010111100010000100100011
01111011001110000110110110011011
00010011011101110011000000101110
11111111101111100010101111000111
01010011110010011111010010100010
00111010100110100010111010001100
01110100000101101000011101000110
11101010000010100011100000101001
00010110011001001111111011111000
10101111000100100011011110110011
10000110110110111011111010111110
10011111110111110001010111100010
01000110111101100111000011011011
00110110001111000001010010001011
00110010011111110111110001010111
10001001000110111101100111000011
01101101110111110101111101001111
11101111100010101111000100100011
01111011001110000110110110011011
00010011011101110011000000101001
00111111101111100010101111000111
01010011110010011111010010100010
11110001011110001110101100110111
10011111000011110110100111001111
00110100010111010001100011101000
00101101000011101000110111010100
00010100011100000101001000101100
11001001111111011111000101011110
00100100011011110110011100001110
01011011101111101011111010011111
11011111000101011110001001000110
11110110011100001010110000011001
10110001111000001010010001011001
10010011111110111110001010111100
01001000110111101100111000010101
11100001101110111110101111101001
11111101111100010101111000100100
01101111011001110000110111100101
10011011000100110111011100110000
00101110101111111101111100011001
00100111010100111100100111110100
10100010001110101001101000101110
10001100011101000001011010000111
01000110111010100000101000111000
00101001000101100110010011111110
11111000110010010010010001101111
01100111000011011011011101111101
01111101001111111011111000110010
01001001000110111101100111000011
01101100110110001111000001010010
00101100110010011111110111110001
10010010010010001101111011001110
00011011011011101111101011111010
01111111011111000110010010010010
00110111101100111000011011011001
10110001001101110111001100000010
11110001111111011111000110011101
01111010100111100100111110100101
00010001110101001101000101110100
01100011101000001011010000111010
00110111010100000101000111000001
01001000101100110010011111110111
11000110011101011001000110111101
10011100001101010110111011111010
11111010011111110111110001100111
01011001000110111101100111000011
01010110011011000111100000101001
00010110011001001111111011111000
11001110101100100011011110110011
10000110101011011101111101011111
01001111111011111000110011101011
00100011011110110011100001101010
11001101100010011011101110011000
00010111100111111110111110001100
11101011110101001111001001111101
00101000101111000101111000111010
11001101111001111100001111011010
01110011110011010001011101000110
00111010000010110100001110100011
01110101000001010001110000010100
10001011001100100111111101111100
01100111010110010001101111011001
11000010011001011011101111101011
11101001111111011111000110011101
01100100011011110110011100001010
11110010110011011000111100000101
00100010110011001001111111011111
00011001110101100100011011110110
01110000110011100101101110111110
10111110100111111101111100011001
11010110010001101111011001110000
00100100000110011011000100110111
01110011000010010010111111110111
11000100001010111101010011110010
01111101001010001000111010100110
10001011101000110001110100000101
10100001110100011011101010000010
10001110000010100100010110011001
00111111101111100010000101011001
00011011110110011100001110010110
11101111101011111010011111110111
11000100001010110010001101111011
00111000011100101100110110001111
00000101001000101100110010011111
11011111000100001010110010001101
11101100111000011100101101110111
11010111110100111111101111100010
00010101100100011011110110011100
00111001011001101100010011011101
11001100001001100111111110111110
00100001010111101010011110010011
11101001010001011110001011110001
11010110011011110011111000011110
11010011100111100110100010111010
00110001110100000101101000011101
00011011101010000010100011100000
10100100010110011001001111111011
11100010000101011001000110111101
10011100001001110010110111011111
01011111010011111110111110001000
01010110010001101111011001110000
11001110010110011011000111100000
10100100010110011001001111111011
11100010000101011001000110111101
10011100001100111010101101110111
11010111110100111111101111100010
00010101100100011011110110011100
00001000010101100110110001001101
11011100110000100110101111111101
11110001000010000111010100111100
10011111010010100010001110101001
10100010111010001100011101000001
01101000011101000110111010100000
10100011100000101001000101100110
01001111111011111000100001000010
01000110111101100111000010010010
00110111011111010111110100111111
10111110001000010000100100011011
11011001110000100100100011001101
10001111000001010010001011001100
10011111110111110001000010000100
10001101111011001110000100100100
01101110111110101111101001111111
01111100010000100001001000110111
10110011100001001001000110011011
00010011011101110011000010011100
11111111011111000110110010111101
01001111001001111101001010001000
11101010011010001011101000110001
11010000010110100001110100011011
10101000001010001110000010100100
01011001100100111111101111100011
01100101100100011011110110011100
00110110110111011111010111110100
11111110111110001101100101100100
01101111011001110000110110110011
01100011110000010100100010110011
00100111111101111100011011001011
00100011011110110011100001101101
10111011111010111110100111111101
11110001101100101100100011011110
11001110000110110110011011000100
11011101110011000010011000011111
11011111000110111000011101010011
11001001111101001010001000111010
10011010001011101000110001110100
00010110100001110100011011101010
00001010001110000010100100010110
01100100111111101111100011011100
00100100011011110110011100001101
10110111011111010111110100111111
10111110001101110000100100011011
11011001110000110110110011011000
11110000010100100010110011001001
11111101111100011011100001001000
11011110110011100001101101101110
11111010111110100111111101111100
01101110000100100011011110110011
10000110110110011011000100110111
01110011000010011101111111110111
11000110111000011101010011110010
01111101001010001011110001011110
00111010110011011110011111000011
11011010011100111100110100010111
01000110001110100000101101000011
10100011011101010000010100011100
00010100100010110011001001111111
01111100011011100001001000110111
10110011100001110010110111011111
01011111010011111110111110001101
11000010010001101111011001110000
11001100000110011011000111100000
10100100010110011001001111111011
11100011011100001001000110111101
10011100001100111100001101110111
11010111110100111111101111100011
01110000100100011011110110011100
00110111100101100110110001001101
11011100110000100100100111111101
11110000010010000111010100111100
10011111010010100010001110101001
10100010111010001100011101000001
01101000011101000110111010100000
10100011100000101001000101100110
01001111111011111000001001000010
01000110111101100111000011011011
01110111110101111101001111111011
11100000100100001001000110111101
10011100001101101100110110001111
00000101001000101100110010011111
11011111000001001000010010001101
11101100111000011011011011101111
10101111101001111111011111000001
00100001001000110111101100111000
01101101100110110001001101110111
00110000100111010111111110111110
00110101001011110101001111001001
11110100101000100011101010011010
00101110100011000111010000010110
10000111010001101110101000001010
00111000001010010001011001100100
11111110111110001101010010110010
00110111101100111000011011011011
10111110101111101001111111011111
00011010100101100100011011110110
01110000110110110011011000111100
00010100100010110011001001111111
01111100011010100101100100011011
11011001110000110110110111011111
01011111010011111110111110001101
01001011001000110111101100111000
01101101100110110001001101110111
00110000100111100011111110111110
00110101111000111010100111100100
11111010010100010001110101001101
00010111010001100011101000001011
01000011101000110111010100000101
00011100000101001000101100110010
01111111011111000110101111000100
10001101111011001110000110110110
11101111101011111010011111110111
11000110101111000100100011011110
11001110000110110110011011000111
10000010100100010110011001001111
11101111100011010111100010010001
10111101100111000011011011011101
11110101111101001111111011111000
11010111100010010001101111011001
11000011011011001101100010011011
10111001100001001111001111111101
11110001110001110011110101001111
00100111110100101000100011101010
01101000101110100011000111010000
01011010000111010001101110101000
00101000111000001010010001011001
10010011111110111110001110001110
01100100011011110110011100001101
10110111011111010111110100111111
10111110001110001110011001000110
11110110011100001101101100110110
00111100000101001000101100110010
01111111011111000111000111001100
10001101111011001110000110110110
11101111101011111010011111110111
11000111000111001100100011011110
11001110000110110110011011000100
11011101110011000010101001011111
11101111100011100110101111010100
11110010011111010010100010001110
10100110100010111010001100011101
00000101101000011101000110111010
10000010100011100000101001000101
10011001001111111011111000111001
10101100100011011110110011100001
11001011011101111101011111010011
11111011111000111001101011001000
11011110110011100001110010110011
01100011110000010100100010110011
00100111111101111100011100110101
10010001101111011001110000111001
01101110111110101111101001111111
01111100011100110101100100011011
11011001110000111001011001101100
01001101110111001100001010110011
11111101111100110011110001110101
00111100100111110100101000100010
10111110100111100001111011010011
10011110011010001011101000110001
11010000010110100001110100011011
10101000001010001110000010100100
01011001100100111111101111100110
01111000100100011011110110011100
00110101100101101110111110101111
10100111111101111100110011110001
00100011011110110011100001101011
00000110011011000111100000101001
00010110011001001111111011111001
10011110001001000110111101100111
00001101011101010110111011111010
11111010011111110111110011001111
00010010001101111011001110000111
00111011011001101100010011011101
11001100001010110101111111101111
10011001111000111010100111100100
11111010010100010111100010111100
01110101100110111100111110000111
10110100111001111001101000101110
10001100011101000001011010000111
01000110111010100000101000111000
00101001000101100110010011111110
11111001100111100010010001101111
01100111000010000110101011011101
11110101111101001111111011111001
10011110001001000110111101100111
00001101100101011001101100011110
00001010010001011001100100111111
10111110011001111000100100011011
11011001110000110111000001101110
11111010111110100111111101111100
11001111000100100011011110110011
10000001001110000110011011000100
11011101110011000010101110011111
11101111100110000110101111010100
11110010011111010010100010001010
11111010011110000111101101001110
01111001101000101110100011000111
01000001011010000111010001101110
10100000101000111000001010010001
01100110010011111110111110011000
01101011001000110111101100111000
01101011001011011101111101011111
01001111111011111001100001101011
00100011011110110011100001101011
00000110011011000111100000101001
00010110011001001111111011111001
10000110101100100011011110110011
10000110101110101011011101111101
01111101001111111011111001100001
10101100100011011110110011100001
11001110110110011011000100110111
01110011000010101100001111111011
11100110000110101111010100111100
10011111010010100010111100010111
10001110101100110111100111110000
11110110100111001111001101000101
11010001100011101000001011010000
11101000110111010100000101000111
00000101001000101100110010011111
11011111001100001101011001000110
11110110011100001000011010101101
11011111010111110100111111101111
10011000011010110010001101111011
00111000011011001010110011011000
11110000010100100010110011001001
11111101111100110000110101100100
01101111011001110000110111000001
10111011111010111110100111111101
11110011000011010110010001101111
01100111000000100111000011001101
10001001101110111001100001010111
01111111110111110011000011100111
10101001111001001111101001010001
00011101010011010001011101000110
00111010000010110100001110100011
01110101000001010001110000010100
10001011001100100111111101111100
11000011100110010001101111011001
11000010101001011101101101110111
11010111110100111111101111100110
00011100110010001101111011001110
00010101001011101101100110110001
11100000101001000101100110010011
11111011111001100001110011001000
11011110110011100001010100101110
11011011101111101011111010011111
11011111001100001110011001000110
11110110011100001010100101110110
11001101100010011011101110011000
01010100100111111101111100110000
11100111101010011110010011111010
01010001011110001011110001110101
10011011110011111000011110110100
11100111100110100010111010001100
01110100000101101000011101000110
11101010000010100011100000101001
00010110011001001111111011111001
10000111001100100011011110110011
10000101010010111100101101110111
11010111110100111111101111100110
00011100110010001101111011001110
00010101100110000011001101100011
11000001010010001011001100100111
11110111110011000011100110010001
10111101100111000010101100111100
00110111011111010111110100111111
10111110011000011100110010001101
11101100111000010101110010010001
10011011000111100000101001000101
10011001001111111011111001100001
11001100100011011110110011100001
01011000000101011011101111101011
11101001111111011111001100001110
01100100011011110110011100001010
10010010101011001101100010011011
10111001100001010111010111111110
11111001110111001111010100111100
10011111010010100010001110101001
10100010111010001100011101000001
01101000011101000110111010100000
10100011100000101001000101100110
01001111111011111001110111001100
10001101111011001110000100001101
10110111011111010111110100111111
10111110011101110011001000110111
10110011100001000011011011001101
10001111000001010010001011001100
10011111110111110011101110011001
00011011110110011100001000011011
01101110111110101111101001111111
01111100111011100110010001101111
01100111000010000110110110011011
00010011011101110011000010101111
00011111110111110011101111001111
01010011110010011111010010100010
00111010100110100010111010001100
01110100000101101000011101000110
11101010000010100011100000101001
00010110011001001111111011111001
11011110011001000110111101100111
00001101110010110111011111010111
11010011111110111110011101111001
10010001101111011001110000110111
00101100110110001111000001010010
00101100110010011111110111110011
10111100110010001101111011001110
00011011100101101110111110101111
10100111111101111100111011110011
00100011011110110011100001101110
01011001101100010011011101110011
00001010111100111111110111110011
10111101111101010011110010011111
01001010001000111010100110100010
11101000110001110100000101101000
01110100011011101010000010100011
10000010100100010110011001001111
11101111100111011110111001000110
11110110011100001101110010110111
01111101011111010011111110111110
01110111101110010001101111011001
11000011011100101100110110001111
00000101001000101100110010011111
11011111001110111101110010001101
11101100111000011011100101101110
11111010111110100111111101111100
11101111011100100011011110110011
10000110111001011001101100010011
01110111001100001100100101111111
10111110011101111011111010100111
10010011111010010100010001010111
11010011110000111101101001110011
11001101000101110100011000111010
00001011010000111010001101110101
00000101000111000001010010001011
00110010011111110111110011101111
01110010001101111011001110000101
01101011101010110111011111010111
11010011111110111110011101111011
10010001101111011001110000101011
10011001011001101100011110000010
10010001011001100100111111101111
10011101111011100100011011110110
01110000101011100110000011011101
11110101111101001111111011111001
11011110111001000110111101100111
00001010111001111000011001101100
01001101110111001100001100110011
11111101111100111011110111110101
00111100100111110100101000101111
00010111100011101011001101111001
11110000111101101001110011110011
01000101110100011000111010000010
11010000111010001101110101000001
01000111000001010010001011001100
10011111110111110011101111011100
10001101111011001110000100100100
00101011011101111101011111010011
11111011111001110111101110010001
10111101100111000010010010010000
01100110110001111000001010010001
01100110010011111110111110011101
11101110010001101111011001110000
10010010011100101101110111110101
11110100111111101111100111011110
11100100011011110110011100001001
11100111001011001101100011110000
01010010001011001100100111111101
11110011101111011100100011011110
11001110000100111100111010101101
11011111010111110100111111101111
10011101111011100100011011110110
01110000101011010111001011001101
10001001101110111001100001100110
10111111110111110011101111010111
10101001111001001111101001010001
00011101010011010001011101000110
00111010000010110100001110100011
01110101000001010001110000010100
10001011001100100111111101111100
11101111010110010001101111011001
11000010000100000110111011111010
11111010011111110111110011101111
01011001000110111101100111000010
00010000011001101100011110000010
10010001011001100100111111101111
10011101111010110010001101111011
00111000010000100000110111011111
01011111010011111110111110011101
11101011001000110111101100111000
01000010000011001101100010011011
10111001100001100111001111111101
11110011101111010111101010011110
01001111101001010001011110001011
11000111010110011011110011111000
01111011010011100111100110100010
11101000110001110100000101101000
01110100011011101010000010100011
10000010100100010110011001001111
11101111100111011110101100100011
01111011001110000100001110000110
11101111101011111010011111110111
11001110111101011001000110111101
10011100001110000010101100110110
00111100000101001000101100110010
01111111011111001110111101011001
00011011110110011100001110001000
00110111011111010111110100111111
10111110011101111010110010001101
11101100111000010010010111001011
00110110001001101110111001100001
10011000011111110111110011101111
01011110101001111001001111101001
01000101111000101111000111010110
01101111001111100001111011010011
10011110011010001011101000110001
11010000010110100001110100011011
10101000001010001110000010100100
01011001100100111111101111100111
01111010110010001101111011001110
00010101100001101101101110111110
10111110100111111101111100111011
11010110010001101111011001110000
10101110111101101100110110001111
00000101001000101100110010011111
11011111001110111101011001000110
11110110011100001010111011111001
01101110111110101111101001111111
01111100111011110101100100011011
11011001110000101011101011110010
11001101100010011011101110011000
01100111011111111101111100111011
11010111101010011110010011111010
01010001000111010100110100010111
01000110001110100000101101000011
10100011011101010000010100011100
00010100100010110011001001111111
01111100111011110101100100011011
11011001110000110011101011101101
10111011111010111110100111111101
11110011101111010110010001101111
01100111000011001110101110110110
01101100011110000010100100010110
01100100111111101111100111011110
10110010001101111011001110000110
01110101110110110111011111010111
11010011111110111110011101111010
11001000110111101100111000011001
11010111011011001101100010011011
10111001100001100100100111111101
11110011101111010111101010011110
01001111101001010001000101011111
01001111000011110110100111001111
00110100010111010001100011101000
00101101000011101000110111010100
00010100011100000101001000101100
11001001111111011111001110111101
01100100011011110110011100001000
01001110110110111011111010111110
10011111110111110011101111010110
01000110111101100111000010000110
11111000011001101100011110000010
10010001011001100100111111101111
10011101111010110010001101111011
00111000010000001001001011011101
11110101111101001111111011111001
11011110101100100011011110110011
10000100001110011010101100110110
00100110111011100110000110011101
01111111101111100100100100001110
10100111100100111110100101000100
01110101001101000101110100011000
11101000001011010000111010001101
11010100000101000111000001010010
00101100110010011111110111110010
01001000010010001101111011001110
00011001011011101111101011111010
01111111011111001001001000010010
00110111101100111000011001011001
10110001111000001010010001011001
10010011111110111110010010010000
10010001101111011001110000110010
11011101111101011111010011111110
11111001001001000010010001101111
01100111000011001011001101100010
01101110111001100001100111100011
11111011111001001001101111101010
01111001001111101001010001000111
01010011010001011101000110001110
10000010110100001110100011011101
01000001010001110000010100100010
11001100100111111101111100100100
11011100100011011110110011100001
10110110111011111010111110100111
11110111110010010011011100100011
01111011001110000110110110011011
00011110000010100100010110011001
00111111101111100100100110111001
00011011110110011100001101101101
11011111010111110100111111101111
10010010011011100100011011110110
01110000110110110011011000100110
11101110011000011001111001111110
01000010111001001001110101001111
00100111110100101000100011101010
01101000101110100011000111010000
01011010000111010001101110101000
00101000111000001010010001011001
10010011111001000010111001001001
00100011011110110011100001101101
10111011111010111110100111110010
00010111001001001001000110111101
10011100001101101100110110001111
00000101001000101100110010011111
00100001011100100100100100011011
11011001110000110110110111011111
01011111010011111001000010111001
00100100100011011110110011100001
10110110011011000100110111011100
11000010000001011111100100001011
00001010111101010011110010011111
01001010001000111010100110100010
11101000110001110100000101101000
01110100011011101010000010100011
10000010100100010110011001001111
10010000101100001010110010001101
11101100111000011010101101110111
11010111110100111110010000101100
00101011001000110111101100111000
01101010110011011000111100000101
00100010110011001001111100100001
01100001010110010001101111011001
11000011010101101110111110101111
10100111110010000101100001010110
01000110111101100111000011010101
10011011000100110111011100110000
10000100111111001000010111011111
00111101010011110010011111010010
10001000111010100110100010111010
00110001110100000101101000011101
00011011101010000010100011100000
10100100010110011001001111100100
00101110111110011001000110111101
10011100001101101101110111110101
11110100111110010000101110111110
01100100011011110110011100001101
10110011011000111100000101001000
10110011001001111100100001011101
11110011001000110111101100111000
01101101101110111110101111101001
11110010000101110111110011001000
11011110110011100001101101100110
11000100110111011100110000100001
01011111100100001010010011010111
10101001111001001111101001010001
00010101111101001111000011110110
10011100111100110100010111010001
10001110100000101101000011101000
11011101010000010100011100000101
00100010110011001001111100100001
01001001101011001000110111101100
11100001000011011011011101111101
01111101001111100100001010010011
01011001000110111101100111000010
01001011110010110011011000111100
00010100100010110011001001111100
10000101001001101011001000110111
10110011100001001100110101011011
10111110101111101001111100100001
01001001101011001000110111101100
11100001001110011001011001101100
01001101110111001100001000011001
11111001000010111010100101111010
10011110010011111010010100010001
11010100110100010111010001100011
10100000101101000011101000110111
01010000010100011100000101001000
10110011001001111100100001011101
01001011001000110111101100111000
01101101101110111110101111101001
11110010000101110101001011001000
11011110110011100001101101100110
11000111100000101001000101100110
01001111100100001011101010010110
01000110111101100111000011011011
01110111110101111101001111100100
00101110101001011001000110111101
10011100001101101100110110001001
10111011100110000100001000011111
00100001011101011010111101010011
11001001111101001010001011110001
01111000111010110011011110011111
00001111011010011100111100110100
01011101000110001110100000101101
00001110100011011101010000010100
01110000010100100010110011001001
11110010000101110101101011001000
11011110110011100001010111011011
01110111110101111101001111100100
00101110101101011001000110111101
10011100001100111010101100110110
00111100000101001000101100110010
01111100100001011101011010110010
00110111101100111000010000100101
10111011111010111110100111110010
00010111010110101100100011011110
11001110000100110011101010110011
01100010011011101110011000010000
11011111110010000101110101100001
11010100111100100111110100101000
10001110101001101000101110100011
00011101000001011010000111010001
10111010100000101000111000001010
01000101100110010011111001000010
11101011000010010001101111011001
11000011100101101110111110101111
10100111110010000101110101100001
00100011011110110011100001110010
11001101100011110000010100100010
11001100100111110010000101110101
10000100100011011110110011100001
11001011011101111101011111010011
11100100001011101011000010010001
10111101100111000011100101100110
11000100110111011100110000100000
01001111100100001011101011000011
10101001111001001111101001010001
01111000101111000111010110011011
11001111100001111011010011100111
10011010001011101000110001110100
00010110100001110100011011101010
00001010001110000010100100010110
01100100111110010000101110101100
00100100011011110110011100001001
10000011011101111101011111010011
11100100001011101011000010010001
10111101100111000010101100000110
01101100011110000010100100010110
01100100111110010000101110101100
00100100011011110110011100001010
11110000110111011111010111110100
11111001000010111010110000100100
01101111011001110000110111000001
10011011000111100000101001000101
10011001001111100100001011101011
00001001000110111101100111000011
01111100101101110111110101111101
00111110010000101110101100001001
00011011110110011100001110001101
01011001101100010011011101110011
00001000011010111111001000010111
01011101111101010011110010011111
01001010001011110001011110001110
10110011011110011111000011110110
10011100111100110100010111010001
10001110100000101101000011101000
11011101010000010100011100000101
00100010110011001001111100100001
01110101110111001000110111101100
11100001101110000011011101111101
01111101001111100100001011101011
10111001000110111101100111000000
10011001011001101100011110000010
10010001011001100100111110010000
10111010111011100100011011110110
01110000001001101010110111011111
01011111010011111001000010111010
11101110010001101111011001110000
11010111100101100110110001001101
11011100110000100001110001111100
10000101110101111001111010100111
10010011111010010100010001110101
00110100010111010001100011101000
00101101000011101000110111010100
00010100011100000101001000101100
11001001111100100001011101011110
01100100011011110110011100001110
01011011101111101011111010011111
00100001011101011110011001000110
11110110011100001110010110011011
00011110000010100100010110011001
00111110010000101110101111001100
10001101111011001110000111001011
01110111110101111101001111100100
00101110101111001100100011011110
11001110000111001011001101100010
01101110111001100001000011100111
11100100001011110001000011101010
01111001001111101001010001000111
01010011010001011101000110001110
10000010110100001110100011011101
01000001010001110000010100100010
11001100100111110010000101111000
10000100100011011110110011100001
11001011011101111101011111010011
11100100001011110001000010010001
10111101100111000011100101100110
11000111100000101001000101100110
01001111100100001011110001000010
01000110111101100111000011100101
10111011111010111110100111110010
00010111100010000100100011011110
11001110000111001011001101100010
01101110111001100001101100101111
11001000010111100010000111010100
11110010011111010010100010111100
01011110001110101100110111100111
11000011110110100111001111001101
00010111010001100011101000001011
01000011101000110111010100000101
00011100000101001000101100110010
01111100100001011110001000010010
00110111101100111000010011100101
10111011111010111110100111110010
00010111100010000100100011011110
11001110000101011100101100110110
00111100000101001000101100110010
01111100100001011110001000010010
00110111101100111000010101110101
01101110111110101111101001111100
10000101111000100001001000110111
10110011100001001001011000001100
11011000100110111011100110000110
11100111111001000010111100111100
01110101001111001001111101001010
00101111000101111000111010110011
01111001111100001111011010011100
11110011010001011101000110001110
10000010110100001110100011011101
01000001010001110000010100100010
11001100100111110010000101111001
11100010010001101111011001110000
10011101010110111011111010111110
10011111001000010111100111100010
01000110111101100111000010101101
01011001101100011110000010100100
01011001100100111110010000101111
00111100010010001101111011001110
00010101001000110111011111010111
11010011111001000010111100111100
01001000110111101100111000011001
11011011001101100010011011101110
01100001101110101111110010000101
11100111100111101010011110010011
11101001010001000111010100110100
01011101000110001110100000101101
00001110100011011101010000010100
01110000010100100010110011001001
11110010000101111001111001100100
01101111011001110000110101011011
10111110101111101001111100100001
01111001111001100100011011110110
01110000110101011001101100011110
00001010010001011001100100111110
01000010111100111100110010001101
11101100111000011010101101110111
11010111110100111110010000101111
00111100110010001101111011001110
00011010101100110110001001101110
11100110000110111100111111001000
01011110011110011110101001111001
00111110100101000101111000101111
00011101011001101111001111100001
11101101001110011110011010001011
10100011000111010000010110100001
11010001101110101000001010001110
00001010010001011001100100111110
01000010111100111100110010001101
11101100111000010011001011011101
11110101111101001111100100001011
11001111001100100011011110110011
10000100100100011001101100011110
00001010010001011001100100111110
01000010111100111100110010001101
11101100111000010101001010110111
01111101011111010011111001000010
11110011110011001000110111101100
11100001000011010101100110110001
00110111011100110000110111000011
11100100100100101101011110101001
11100100111110100101000101111000
10111100011101011001101111001111
10000111101101001110011110011010
00101110100011000111010000010110
10000111010001101110101000001010
00111000001010010001011001100100
11111001001001001011010110010001
10111101100111000010101100101101
11011111010111110100111110010010
01001011010110010001101111011001
11000010101001000110011011000111
10000010100100010110011001001111
10010010010010110101100100011011
11011001110000110010010101101110
11111010111110100111110010010010
01011010110010001101111011001110
00011100100100011001101100010011
01110111001100001101111011111110
01001001001011100111101010011110
01001111101001010001000111010100
11010001011101000110001110100000
10110100001110100011011101010000
01010001110000010100100010110011
00100111110010010010010111001100
10001101111011001110000110101011
01110111110101111101001111100100
10010010111001100100011011110110
01110000110101011001101100011110
00001010010001011001100100111110
01001001001011100110010001101111
01100111000011010101101110111110
10111110100111110010010010010111
00110010001101111011001110000110
10101100110110001001101110111001
10000110110010011111001001001001
01110111110101001111001001111101
00101000100011101010011010001011
10100011000111010000010110100001
11010001101110101000001010001110
00001010010001011001100100111110
01001001001011101110010001101111
01100111000011100101101110111110
10111110100111110010010010010111
01110010001101111011001110000111
00101100110110001111000001010010
00101100110010011111001001001001
01110111001000110111101100111000
01110010110111011111010111110100
11111001001001001011101110010001
10111101100111000011100101100110
11000100110111011100110000110111
10101111110010010010010111010111
10101001111001001111101001010001
00011101010011010001011101000110
00111010000010110100001110100011
01110101000001010001110000010100
10001011001100100111110010010010
01011101011001000110111101100111
00001001100101101110111110101111
10100111110010010010010111010110
01000110111101100111000010011001
01100110110001111000001010010001
01100110010011111001001001001011
10101100100011011110110011100001
00110010110111011111010111110100
11111001001001001011101011001000
11011110110011100001001100101100
11011000100110111011100110000110
11111000111110010010010010111010
11110101001111001001111101001010
00101111000101111000111010110011
01111001111100001111011010011100
11110011010001011101000110001110
10000010110100001110100011011101
01000001010001110000010100100010
11001100100111110010010010010111
01011001000110111101100111000010
01110110110111011111010111110100
11111001001001001011101011001000
11011110110011100001010111011011
00110110001111000001010010001011
00110010011111001001001001011101
01100100011011110110011100001010
11110010110111011111010111110100
11111001001001001011101011001000
11011110110011100001100111100101
10011011000100110111011100110000
11011111001111110010010011001001
01111010100111100100111110100101
00010001110101001101000101110100
01100011101000001011010000111010
00110111010100000101000111000001
01001000101100110010011111001001
00110010010110010001101111011001
11000010010010001101110111110101
11110100111110010010011001001011
00100011011110110011100001001001
00011001101100011110000010100100
01011001100100111110010010011001
00101100100011011110110011100001
00100100011011101111101011111010
01111100100100110010010110010001
10111101100111000010010010001100
11011000100110111011100110000001
00001011111100100100110011100111
10101001111001001111101001010001
00011101010011010001011101000110
00111010000010110100001110100011
01110101000001010001110000010100
10001011001100100111110010010011
00111001100100011011110110011100
00100110000011011101111101011111
01001111100100100110011100110010
00110111101100111000010011000001
10011011000111100000101001000101
10011001001111100100100110011100
11001000110111101100111000010011
00000110111011111010111110100111
11001001001100111001100100011011
11011001110000100110000011001101
10001001101110111001100000010010
01111110010010011001111001111010
10011110010011111010010100010111
10001011110001110101100110111100
11111000011110110100111001111001
10100010111010001100011101000001
01101000011101000110111010100000
10100011100000101001000101100110
01001111100100100110011110011001
00011011110110011100001001110101
01101110111110101111101001111100
10010011001111001100100011011110
11001110000101011010101100110110
00111100000101001000101100110010
01111100100100110011110011001000
11011110110011100001010100100011
01110111110101111101001111100100
10011001111001100100011011110110
01110000110011101101100110110001
00110111011100110000001001010111
11100100100110101001011110101001
11100100111110100101000100011101
01001101000101110100011000111010
00001011010000111010001101110101
00000101000111000001010010001011
00110010011111001001001101010010
11001000110111101100111000011010
10110111011111010111110100111110
01001001101010010110010001101111
01100111000011010101100110110001
11100000101001000101100110010011
11100100100110101001011001000110
11110110011100001101010110111011
11101011111010011111001001001101
01001011001000110111101100111000
01101010110011011000100110111011
10011000000100110011111100100100
11010100101111010100111100100111
11010010100010111100010111100011
10101100110111100111110000111101
10100111001111001101000101110100
01100011101000001011010000111010
00110111010100000101000111000001
01001000101100110010011111001001
00110101001011001000110111101100
11100001001100101101110111110101
11110100111110010010011010100101
10010001101111011001110000100100
10001100110110001111000001010010
00101100110010011111001001001101
01001011001000110111101100111000
01010100101011011101111101011111
01001111100100100110101001011001
00011011110110011100001000011010
10110011011000100110111011100110
00000100100001111100100100110101
11001111010100111100100111110100
10100010111100010111100011101011
00110111100111110000111101101001
11001111001101000101110100011000
11101000001011010000111010001101
11010100000101000111000001010010
00101100110010011111001001001101
01110011001000110111101100111000
01010110010110111011111010111110
10011111001001001101011100110010
00110111101100111000010101001000
11001101100011110000010100100010
11001100100111110010010011010111
00110010001101111011001110000110
01001010110111011111010111110100
11111001001001101011100110010001
10111101100111000011100111001011
00110110001001101110111001100000
01001101111111001001001101011000
01110101001111001001111101001010
00100011101010011010001011101000
11000111010000010110100001110100
01101110101000001010001110000010
10010001011001100100111110010010
01101011000010010001101111011001
11000011010101101110111110101111
10100111110010010011010110000100
10001101111011001110000110101011
00110110001111000001010010001011
00110010011111001001001101011000
01001000110111101100111000011010
10110111011111010111110100111110
01001001101011000010010001101111
01100111000011010101100110110001
00110111011100110000001000010011
11100100100110101001001110101001
11100100111110100101000100011101
01001101000101110100011000111010
00001011010000111010001101110101
00000101000111000001010010001011
00110010011111001001001101010010
01001000110111101100111000011100
10110111011111010111110100111110
01001001101010010010010001101111
01100111000011100101100110110001
11100000101001000101100110010011
11100100100110101001001001000110
11110110011100001110010110111011
11101011111010011111001001001101
01001001001000110111101100111000
01110010110011011000100110111011
10011000000100110101111110010010
01101011110001110101001111001001
11110100101000100011101010011010
00101110100011000111010000010110
10000111010001101110101000001010
00111000001010010001011001100100
11111001001001101011110001001000
11011110110011100001001100101101
11011111010111110100111110010010
01101011110001001000110111101100
11100001001100101100110110001111
00000101001000101100110010011111
00100100110101111000100100011011
11011001110000100110010110111011
11101011111010011111001001001101
01111000100100011011110110011100
00100110010110011011000100110111
01110011000000100111000111110010
01001101011110001110101001111001
00111110100101000101111000101111
00011101011001101111001111100001
11101101001110011110011010001011
10100011000111010000010110100001
11010001101110101000001010001110
00001010010001011001100100111110
01001001101011110001001000110111
10110011100001001110110110111011
11101011111010011111001001001101
01111000100100011011110110011100
00101010010001100110110001111000
00101001000101100110010011111001
00100110101111000100100011011110
11001110000110010010101101110111
11010111110100111110010010011010
11110001001000110111101100111000
01100111100101100110110001001101
11011100110000001001110011111100
10010011100110011110101001111001
00111110100101000100011101010011
01000101110100011000111010000010
11010000111010001101110101000001
01000111000001010010001011001100
10011111001001001110011001100100
01101111011001110000100100100011
01110111110101111101001111100100
10011100110011001000110111101100
11100001001001000110011011000111
10000010100100010110011001001111
10010010011100110011001000110111
10110011100001001001000110111011
11101011111010011111001001001110
01100110010001101111011001110000
10010010001100110110001001101110
11100110000110101001011111100100
10011100110000111010100111100100
11111010010100010001110101001101
00010111010001100011101000001011
01000011101000110111010100000101
00011100000101001000101100110010
01111100100100111001100001001000
11011110110011100001001100000110
11101111101011111010011111001001
00111001100001001000110111101100
11100001001100000110011011000111
10000010100100010110011001001111
10010010011100110000100100011011
11011001110000100110000011011101
11110101111101001111100100100111
00110000100100011011110110011100
00100110000011001101100010011011
10111001100001101011001111110010
01001110111001111010100111100100
11111010010100010001110101001101
00010111010001100011101000001011
01000011101000110111010100000101
00011100000101001000101100110010
01111100100100111011100110010001
10111101100111000011011011011101
11110101111101001111100100100111
01110011001000110111101100111000
01101101100110110001111000001010
01000101100110010011111001001001
11011100110010001101111011001110
00011011011011101111101011111010
01111100100100111011100110010001
10111101100111000011011011001101
10001001101110111001100001101011
01011111100100100111011111000111
01010011110010011111010010100010
00111010100110100010111010001100
01110100000101101000011101000110
11101010000010100011100000101001
00010110011001001111100100100111
01111100010010001101111011001110
00011011011011101111101011111010
01111100100100111011111000100100
01101111011001110000110110110011
01100011110000010100100010110011
00100111110010010011101111100010
01000110111101100111000011011011
01110111110101111101001111100100
10011101111100010010001101111011
00111000011011011001101100010011
01110111001100001101011100111111
00100100100100111000111010100111
10010011111010010100010001110101
00110100010111010001100011101000
00101101000011101000110111010100
00010100011100000101001000101100
11001001111100100100100100111000
10010001101111011001110000110110
11011101111101011111010011111001
00100100100111000100100011011110
11001110000110110110011011000111
10000010100100010110011001001111
10010010010010011100010010001101
11101100111000011011011011101111
10101111101001111100100100100100
11100010010001101111011001110000
11011011001101100010011011101110
01100001101011000011111001001001
00100111000111010100111100100111
11010010100010111100010111100011
10101100110111100111110000111101
10100111001111001101000101110100
01100011101000001011010000111010
00110111010100000101000111000001
01001000101100110010011111001001
00100100111000100100011011110110
01110000111001011011101111101011
11101001111100100100100100111000
10010001101111011001110000101011
00000110011011000111100000101001
00010110011001001111100100100100
10011100010010001101111011001110
00010101111000011011101111101011
11101001111100100100100100111000
10010001101111011001110000110111
01010110011011000100110111011100
11000011010111011111110010010011
10101101011110101001111001001111
10100101000100011101010011010001
01110100011000111010000010110100
00111010001101110101000001010001
11000001010010001011001100100111
11001001001110101101011001000110
11110110011100001101101101110111
11010111110100111110010010011101
01101011001000110111101100111000
01101101100110110001111000001010
01000101100110010011111001001001
11010110101100100011011110110011
10000110110110111011111010111110
10011111001001001110101101011001
00011011110110011100001101101100
11011000100110111011100110000110
10100100111110010010011101010010
01110101001111001001111101001010
00100011101010011010001011101000
11000111010000010110100001110100
01101110101000001010001110000010
10010001011001100100111110010010
01110101001001001000110111101100
11100001101010110111011111010111
11010011111001001001110101001001
00100011011110110011100001101010
11001101100011110000010100100010
11001100100111110010010011101010
01001001000110111101100111000011
01010110111011111010111110100111
11001001001110101001001001000110
11110110011100001101010110011011
00010011011101110011000011010111
01011111100100100111010111010111
10101001111001001111101001010001
00011101010011010001011101000110
00111010000010110100001110100011
01110101000001010001110000010100
10001011001100100111110010010011
10101110101100100011011110110011
10000111001011011101111101011111
01001111100100100111010111010110
01000110111101100111000011100101
10011011000111100000101001000101
10011001001111100100100111010111
01011001000110111101100111000011
10010110111011111010111110100111
11001001001110101110101100100011
01111011001110000111001011001101
10001001101110111001100001101011
11000111110010010011110001010111
10101001111001001111101001010001
00011101010011010001011101000110
00111010000010110100001110100011
01110101000001010001110000010100
10001011001100100111110010010011
11000101011001000110111101100111
00001110010110111011111010111110
10011111001001001111000101011001
00011011110110011100001110010110
01101100011110000010100100010110
01100100111110010010011110001010
11001000110111101100111000011100
10110111011111010111110100111110
01001001111000101011001000110111
10110011100001110010110011011000
10011011101110011000011010111100
11111100100100111100110101111010
10011110010011111010010100010001
11010100110100010111010001100011
10100000101101000011101000110111
01010000010100011100000101001000
10110011001001111100100100111100
11010110010001101111011001110000
11011011011101111101011111010011
11100100100111100110101100100011
01111011001110000110110110011011
00011110000010100100010110011001
00111110010010011110011010110010
00110111101100111000011011011011
10111110101111101001111100100100
11110011010110010001101111011001
11000011011011001101100010011011
10111001100001110000010111111001
00101010010110101111010100111100
10011111010010100010001110101001
10100010111010001100011101000001
01101000011101000110111010100000
10100011100000101001000101100110
01001111100100101010010110101100
10001101111011001110000110110110
11101111101011111010011111001001
01010010110101100100011011110110
01110000110110110011011000111100
00010100100010110011001001111100
10010101001011010110010001101111
01100111000011011011011101111101
01111101001111100100101010010110
10110010001101111011001110000110
11011001101100010011011101110011
00001110001001111110010010101001
01101011110101001111001001111101
00101000101111000101111000111010
11001101111001111100001111011010
01110011110011010001011101000110
00111010000010110100001110100011
01110101000001010001110000010100
10001011001100100111110010010101
00101101011001000110111101100111
00001110010110111011111010111110
10011111001001010100101101011001
00011011110110011100001010110000
01100110110001111000001010010001
01100110010011111001001010100101
10101100100011011110110011100001
01011110000110111011111010111110
10011111001001010100101101011001
00011011110110011100001101110101
01100110110001001101110111001100
00111000101011111100100101010010
11101011110101001111001001111101
00101000100011101010011010001011
10100011000111010000010110100001
11010001101110101000001010001110
00001010010001011001100100111110
01001010100101110101100100011011
11011001110000110110110111011111
01011111010011111001001010100101
11010110010001101111011001110000
11011011001101100011110000010100
10001011001100100111110010010101
00101110101100100011011110110011
10000110110110111011111010111110
10011111001001010100101110101100
10001101111011001110000110110110
01101100010011011101110011000011
10001100111111001001010110011001
11101010011110010011111010010100
01000111010100110100010111010001
10001110100000101101000011101000
11011101010000010100011100000101
00100010110011001001111100100101
01100110011001000110111101100111
00001110010110111011111010111110
10011111001001010110011001100100
01101111011001110000111001011001
10110001111000001010010001011001
10010011111001001010110011001100
10001101111011001110000111001011
01110111110101111101001111100100
10101100110011001000110111101100
11100001110010110011011000100110
11101110011000011100010000111110
01001010110011101011110101001111
00100111110100101000100011101010
01101000101110100011000111010000
01011010000111010001101110101000
00101000111000001010010001011001
10010011111001001010110011101011
00100011011110110011100001101010
11011101111101011111010011111001
00101011001110101100100011011110
11001110000110101011001101100011
11000001010010001011001100100111
11001001010110011101011001000110
11110110011100001101010110111011
11101011111010011111001001010110
01110101100100011011110110011100
00110101011001101100010011011101
11001100001110001101111111001001
01011001110101111010100111100100
11111010010100010111100010111100
01110101100110111100111110000111
10110100111001111001101000101110
10001100011101000001011010000111
01000110111010100000101000111000
00101001000101100110010011111001
00101011001110101100100011011110
11001110000100110010110111011111
01011111010011111001001010110011
10101100100011011110110011100001
01011100101100110110001111000001
01001000101100110010011111001001
01011001110101100100011011110110
01110000101011101010110111011111
01011111010011111001001010110011
10101100100011011110110011100001
00110010010001100110110001001101
11011100110000111000001001111100
10010101101011110011110101001111
00100111110100101000100011101010
01101000101110100011000111010000
01011010000111010001101110101000
00101000111000001010010001011001
10010011111001001010110101111001
10010001101111011001110000110110
11011101111101011111010011111001
00101011010111100110010001101111
01100111000011011011001101100011
11000001010010001011001100100111
11001001010110101111001100100011
01111011001110000110110110111011
11101011111010011111001001010110
10111100110010001101111011001110
00011011011001101100010011011101
11001100001110001101011111100100
10101110011110001110101001111001
00111110100101000100011101010011
01000101110100011000111010000010
11010000111010001101110101000001
01000111000001010010001011001100
10011111001001010111001111000100
10001101111011001110000110110110
11101111101011111010011111001001
01011100111100010010001101111011
00111000011011011001101100011110
00001010010001011001100100111110
01001010111001111000100100011011
11011001110000110110110111011111
01011111010011111001001010111001
11100010010001101111011001110000
11011011001101100010011011101110
01100001110001110001111100100101
01100001110001110101001111001001
11110100101000100011101010011010
00101110100011000111010000010110
10000111010001101110101000001010
00111000001010010001011001100100
11111001001010110000111000100100
01101111011001110000110110110111
01111101011111010011111001001010
11000011100010010001101111011001
11000011011011001101100011110000
01010010001011001100100111110010
01010110000111000100100011011110
11001110000110110110111011111010
11111010011111001001010110000111
00010010001101111011001110000110
11011001101100010011011101110011
00001110001110011111100100101011
10110010111101010011110010011111
01001010001000111010100110100010
11101000110001110100000101101000
01110100011011101010000010100011
10000010100100010110011001001111
10010010101110110010110010001101
11101100111000011100101101110111
11010111110100111110010010101110
11001011001000110111101100111000
01110010110011011000111100000101
00100010110011001001111100100101
01110110010110010001101111011001
11000011100101101110111110101111
10100111110010010101110110010110
01000110111101100111000011100101
10011011000100110111011100110000
11100100101111110010010101110110
01011110101001111001001111101001
01000101111000101111000111010110
01101111001111100001111011010011
10011110011010001011101000110001
11010000010110100001110100011011
10101000001010001110000010100100
01011001100100111110010010101110
11001011001000110111101100111000
01001110010110111011111010111110
10011111001001010111011001011001
00011011110110011100001010111010
10110011011000111100000101001000
10110011001001111100100101011101
10010110010001101111011001110000
11001100101101110111110101111101
00111110010010101110110010110010
00110111101100111000011011001010
11001101100010011011101110011000
01110011001111110010010101110111
10011110101001111001001111101001
01000100011101010011010001011101
00011000111010000010110100001110
10001101110101000001010001110000
01010010001011001100100111110010
01010111011110011001000110111101
10011100001110010110111011111010
11111010011111001001010111011110
01100100011011110110011100001110
01011001101100011110000010100100
01011001100100111110010010101110
11110011001000110111101100111000
01110010110111011111010111110100
11111001001010111011110011001000
11011110110011100001110010110011
01100010011011101110011000011100
11010111111001001010111010110101
11101010011110010011111010010100
01000111010100110100010111010001
10001110100000101101000011101000
11011101010000010100011100000101
00100010110011001001111100100101
01110101101011001000110111101100
11100001101101101110111110101111
10100111110010010101110101101011
00100011011110110011100001101101
10011011000111100000101001000101
10011001001111100100101011101011
01011001000110111101100111000011
01101101110111110101111101001111
10010010101110101101011001000110
11110110011100001101101100110110
00100110111011100110000111001110
01111110010010101110101100001110
10100111100100111110100101000100
01110101001101000101110100011000
11101000001011010000111010001101
11010100000101000111000001010010
00101100110010011111001001010111
01011000010010001101111011001110
00011010101101110111110101111101
00111110010010101110101100001001
00011011110110011100001101010110
01101100011110000010100100010110
01100100111110010010101110101100
00100100011011110110011100001101
01011011101111101011111010011111
00100101011101011000010010001101
11101100111000011010101100110110
00100110111011100110000111001100
00111110010010101111000001001110
10100111100100111110100101000101
11100010111100011101011001101111
00111110000111101101001110011110
01101000101110100011000111010000
01011010000111010001101110101000
00101000111000001010010001011001
10010011111001001010111100000100
10010001101111011001110000100110
10101101110111110101111101001111
10010010101111000001001001000110
11110110011100001010111001011001
10110001111000001010010001011001
10010011111001001010111100000100
10010001101111011001110000101011
10101011011101111101011111010011
11100100101011110000010010010001
10111101100111000011001100101100
11011000100110111011100110000111
00111011111110010011001001011110
01111010100111100100111110100101
00010001010111110100111100001111
01101001110011110011010001011101
00011000111010000010110100001110
10001101110101000001010001110000
01010010001011001100100111110010
01100100101111001100100011011110
11001110000111000110110110111011
11101011111010011111001001100100
10111100110010001101111011001110
00010011010110101011001101100011
11000001010010001011001100100111
11001001100100101111001100100011
01111011001110000100110101110110
11011101111101011111010011111001
00110010010111100110010001101111
01100111000010101001001110010110
01101100010011011101110011000011
10010010011111001001100100101111
00111101010011110010011111010010
10001011110001011110001110101100
11011110011111000011110110100111
00111100110100010111010001100011
10100000101101000011101000110111
01010000010100011100000101001000
10110011001001111100100110010010
11110011001000110111101100111000
01001110110110111011111010111110
10011111001001100100101111001100
10001101111011001110000100001100
10110011011000111100000101001000
10110011001001111100100110010010
11110011001000110111101100111000
01000011010101101110111110101111
10100111110010011001001011110011
00100011011110110011100001110001
01010110011011000100110111011100
11000011100111010111111001001100
10010111100111101010011110010011
11101001010001000101011111010011
11000011110110100111001111001101
00010111010001100011101000001011
01000011101000110111010100000101
00011100000101001000101100110010
01111100100110010010111100110010
00110111101100111000010101100001
10110110111011111010111110100111
11001001100100101111001100100011
01111011001110000101011101111001
01100110110001111000001010010001
01100110010011111001001100100101
11100110010001101111011001110000
10101110110010001101110111110101
11110100111110010011001001011110
01100100011011110110011100001010
10010000100011001101100010011011
10111001100001110011110001111100
10011001001011110011110101001111
00100111110100101000101111000101
11100011101011001101111001111100
00111101101001110011110011010001
01110100011000111010000010110100
00111010001101110101000001010001
11000001010010001011001100100111
11001001100100101111001100100011
01111011001110000100110000111001
01101110111110101111101001111100
10011001001011110011001000110111
10110011100001001110111010101100
11011000111100000101001000101100
11001001111100100110010010111100
11001000110111101100111000010011
10110010001101110111110101111101
00111110010011001001011110011001
00011011110110011100001001111000
10000011001101100011110000010100
10001011001100100111110010011001
00101111001100100011011110110011
10000100111100011100001101110111
11010111110100111110010011001001
01111001100100011011110110011100
00101011001100000110011011000111
10000010100100010110011001001111
10010011001001011110011001000110
11110110011100001010110011110000
11011101111101011111010011111001
00110010010111100110010001101111
01100111000010101100001010101100
11011000100110111011100110000111
00111100111111001001100110101110
11111010100111100100111110100101
00010001010111110100111100001111
01101001110011110011010001011101
00011000111010000010110100001110
10001101110101000001010001110000
01010010001011001100100111110010
01100110101110111001000110111101
10011100001101011001011011101111
10101111101001111100100110011010
11101110010001101111011001110000
11010110000011001101100011110000
01010010001011001100100111110010
01100110101110111001000110111101
10011100001101011101010110111011
11101011111010011111001001100110
10111011100100011011110110011100
00111001110110110011011000100110
11101110011101100101001011111100
10011001101011101111101010011110
01001111101001010001011110001011
11000111010110011011110011111000
01111011010011100111100110100010
11101000110001110100000101101000
01110100011011101010000010100011
10000010100100010110011001001111
10010011001101011101110010001101
11101100111000010000110101011011
10111110101111101001111100100110
01101011101110010001101111011001
11000011011001010110011011000111
10000010100100010110011001001111
10010011001101011101110010001101
11101100111000011011100000110111
01111101011111010011111001001100
11010111011100100011011110110011
10000001001110000110011011000100
11011101110011101100101100111111
00100110011010111010111101010011
11001001111101001010001000111010
10011010001011101000110001110100
00010110100001110100011011101010
00001010001110000010100100010110
01100100111110010011001101011101
01100100011011110110011100001010
10010111011011011101111101011111
01001111100100110011010111010110
01000110111101100111000010101001
01110110110011011000111100000101
00100010110011001001111100100110
01101011101011001000110111101100
11100001010100101110110110111011
11101011111010011111001001100110
10111010110010001101111011001110
00010101001011101101100110110001
00110111011100111011001011010111
11100100110011010111010111101010
01111001001111101001010001011110
00101111000111010110011011110011
11100001111011010011100111100110
10001011101000110001110100000101
10100001110100011011101010000010
10001110000010100100010110011001
00111110010011001101011101011001
00011011110110011100001010100101
11100101101110111110101111101001
11110010011001101011101011001000
11011110110011100001010110011000
00110011011000111100000101001000
10110011001001111100100110011010
11101011001000110111101100111000
01010110011110000110111011111010
11111010011111001001100110101110
10110010001101111011001110000101
01110010010001100110110001111000
00101001000101100110010011111001
00110011010111010110010001101111
01100111000010101100000010101101
11011111010111110100111110010011
00110101110101100100011011110110
01110000101010010010101011001101
10001001101110111001110110010111
00111111001001100110101111001111
01010011110010011111010010100010
00111010100110100010111010001100
01110100000101101000011101000110
11101010000010100011100000101001
00010110011001001111100100110011
01011110011001000110111101100111
00001101110010110111011111010111
11010011111001001100110101111001
10010001101111011001110000110111
00101100110110001111000001010010
00101100110010011111001001100110
10111100110010001101111011001110
00011011100101101110111110101111
10100111110010011001101011110011
00100011011110110011100001101110
01011001101100010011011101110011
10110010110000111110010011001110
01100111101010011110010011111010
01010001000111010100110100010111
01000110001110100000101101000011
10100011011101010000010100011100
00010100100010110011001001111100
10011001110011001100100011011110
11001110000110111001011011101111
10101111101001111100100110011100
11001100100011011110110011100001
10111001011001101100011110000010
10010001011001100100111110010011
00111001100110010001101111011001
11000011011100101101110111110101
11110100111110010011001110011001
10010001101111011001110000110111
00101100110110001001101110111001
11011001011101111111001001100111
00110011110101001111001001111101
00101000100010101111101001111000
01111011010011100111100110100010
11101000110001110100000101101000
01110100011011101010000010100011
10000010100100010110011001001111
10010011001110011001100100011011
11011001110000101011010111010101
10111011111010111110100111110010
01100111001100110010001101111011
00111000010101110011001011001101
10001111000001010010001011001100
10011111001001100111001100110010
00110111101100111000010101110011
00000110111011111010111110100111
11001001100111001100110010001101
11101100111000010101110011110000
11001101100010011011101110011101
10010100100111110010011001110011
00111101010011110010011111010010
10001011110001011110001110101100
11011110011111000011110110100111
00111100110100010111010001100011
10100000101101000011101000110111
01010000010100011100000101001000
10110011001001111100100110011100
11001100100011011110110011100001
00100100001010110111011111010111
11010011111001001100111001100110
01000110111101100111000010010010
01000001100110110001111000001010
01000101100110010011111001001100
11100110011001000110111101100111
00001001001001110010110111011111
01011111010011111001001100111001
10011001000110111101100111000010
01111001110010110011011000111100
00010100100010110011001001111100
10011001110011001100100011011110
11001110000100111100111010101101
11011111010111110100111110010011
00111001100110010001101111011001
11000010101101011100101100110110
00100110111011100111011001011101
01111110010011001110011100111101
01001111001001111101001010001000
11101010011010001011101000110001
11010000010110100001110100011011
10101000001010001110000010100100
01011001100100111110010011001110
01110011001000110111101100111000
01000010000011011101111101011111
01001111100100110011100111001100
10001101111011001110000100001000
00110011011000111100000101001000
10110011001001111100100110011100
11100110010001101111011001110000
10000100000110111011111010111110
10011111001001100111001110011001
00011011110110011100001000010000
01100110110001001101110111001110
11001011110001111100100110011100
11100111101010011110010011111010
01010001011110001011110001110101
10011011110011111000011110110100
11100111100110100010111010001100
01110100000101101000011101000110
11101010000010100011100000101001
00010110011001001111100100110011
10011100110010001101111011001110
00010000111000011011101111101011
11101001111100100110011100111001
10010001101111011001110000111000
00101011001101100011110000010100
10001011001100100111110010011001
11001110011001000110111101100111
00001110001000001101110111110101
11110100111110010011001110011100
11001000110111101100111000010010
01011100101100110110001001101110
11100111011001011110011111100100
11001110011100111101010011110010
01111101001010001011110001011110
00111010110011011110011111000011
11011010011100111100110100010111
01000110001110100000101101000011
10100011011101010000010100011100
00010100100010110011001001111100
10011001110011100110010001101111
01100111000010101100001101101101
11011111010111110100111110010011
00111001110011001000110111101100
11100001010111011110110110011011
00011110000010100100010110011001
00111110010011001110011100110010
00110111101100111000010101110111
11001011011101111101011111010011
11100100110011100111001100100011
01111011001110000101011101011110
01011001101100010011011101110011
10111001001011111100100110011100
11100111101010011110010011111010
01010001000111010100110100010111
01000110001110100000101101000011
10100011011101010000010100011100
00010100100010110011001001111100
10011001110011100110010001101111
01100111000011001110101110110110
11101111101011111010011111001001
10011100111001100100011011110110
01110000110011101011101101100110
11000111100000101001000101100110
01001111100100110011100111001100
10001101111011001110000110011101
01110110110111011111010111110100
11111001001100111001110011001000
11011110110011100001100111010111
01101100110110001001101110111001
11011100110011111100100110011100
11100111101010011110010011111010
01010001000101011111010011110000
11110110100111001111001101000101
11010001100011101000001011010000
11101000110111010100000101000111
00000101001000101100110010011111
00100110011100111001100100011011
11011001110000100001001110110110
11101111101011111010011111001001
10011100111001100100011011110110
01110000100001101111100001100110
11000111100000101001000101100110
01001111100100110011100111001100
10001101111011001110000100000010
01001011011101111101011111010011
11100100110011100111001100100011
01111011001110000100001110011010
10110011011000100110111011100111
01110011010111111001001100100100
11001111010100111100100111110100
10100010001110101001101000101110
10001100011101000001011010000111
01000110111010100000101000111000
00101001000101100110010011111001
00110010010011001100100011011110
11001110000110110110111011111010
11111010011111001001100100100110
01100100011011110110011100001101
10110011011000111100000101001000
10110011001001111100100110010010
01100110010001101111011001110000
11011011011101111101011111010011
11100100110010010011001100100011
01111011001110000110110110011011
00010011011101110011101110011100
11111100100110011101011001111010
10011110010011111010010100010001
11010100110100010111010001100011
10100000101101000011101000110111
01010000010100011100000101001000
10110011001001111100100110011101
01100110010001101111011001110000
11011011011101111101011111010011
11100100110011101011001100100011
01111011001110000110110110011011
00011110000010100100010110011001
00111110010011001110101100110010
00110111101100111000011011011011
10111110101111101001111100100110
01110101100110010001101111011001
11000011011011001101100010011011
10111001110111001100001111100100
11001110101111001111010100111100
10011111010010100010001110101001
10100010111010001100011101000001
01101000011101000110111010100000
10100011100000101001000101100110
01001111100100110011101011110011
00100011011110110011100001101101
10111011111010111110100111110010
01100111010111100110010001101111
01100111000011011011001101100011
11000001010010001011001100100111
11001001100111010111100110010001
10111101100111000011011011011101
11110101111101001111100100110011
10101111001100100011011110110011
10000110110110011011000100110111
01110011101110011101111111001001
10011110011101111101010011110010
01111101001010001000101011111010
01111000011110110100111001111001
10100010111010001100011101000001
01101000011101000110111010100000
10100011100000101001000101100110
01001111100100110011110011101110
01000110111101100111000000100101
01011011101111101011111010011111
00100110011110011101110010001101
11101100111000011010111001011001
10110001111000001010010001011001
10010011111001001100111100111011
10010001101111011001110000110101
00100011011101111101011111010011
11100100110011110011101110010001
10111101100111000011100111100101
10011011000100110111011100111011
10010010011111001001000000101100
11110101001111001001111101001010
00100011101010011010001011101000
11000111010000010110100001110100
01101110101000001010001110000010
10010001011001100100111110010010
00000101100110010001101111011001
11000011011011011101111101011111
01001111100100100000010110011001
00011011110110011100001101101100
11011000111100000101001000101100
11001001111100100100000010110011
00100011011110110011100001101101
10111011111010111110100111110010
01000000101100110010001101111011
00111000011011011001101100010011
01110111001110111001110101111110
01001000000101100111101010011110
01001111101001010001011110001011
11000111010110011011110011111000
01111011010011100111100110100010
11101000110001110100000101101000
01110100011011101010000010100011
10000010100100010110011001001111
10010010000001011001100100011011
11011001110000100100101011011101
11110101111101001111100100100000
01011001100100011011110110011100
00001001001011001101100011110000
01010010001011001100100111110010
01000000101100110010001101111011
00111000000100110110110111011111
01011111010011111001001000000101
10011001000110111101100111000011
10010010001100110110001111000001
01001000101100110010011111001001
00000010110011001000110111101100
11100001001001011001011011101111
10101111101001111100100100000010
11001100100011011110110011100001
00110011101101100110110001111000
00101001000101100110010011111001
00100000010110011001000110111101
10011100001001100111100101101110
11111010111110100111110010010000
00101100110010001101111011001110
00010011101110000011001101100010
01101110111001110111001111000111
11001001000000101101011110101001
11100100111110100101000100010101
11110100111100001111011010011100
11110011010001011101000110001110
10000010110100001110100011011101
01000001010001110000010100100010
11001100100111110010010000001011
01011001000110111101100111000011
00100101011011101111101011111010
01111100100100000010110101100100
01101111011001110000110111110010
11001101100011110000010100100010
11001100100111110010010000001011
01011001000110111101100111000000
10010101011011101111101011111010
01111100100100000010110101100100
01101111011001110000111001111000
01100110110001001101110111001110
11100111100111111001001000000101
10000111010100111100100111110100
10100010001110101001101000101110
10001100011101000001011010000111
01000110111010100000101000111000
00101001000101100110010011111001
00100000010110000100100011011110
11001110000110101011011101111101
01111101001111100100100000010110
00010010001101111011001110000110
10101100110110001111000001010010
00101100110010011111001001000000
10110000100100011011110110011100
00110101011011101111101011111010
01111100100100000010110000100100
01101111011001110000110101011001
10110001001101110111001110111010
10010111111001001000000101100001
11010100111100100111110100101000
10111100010111100011101011001101
11100111110000111101101001110011
11001101000101110100011000111010
00001011010000111010001101110101
00000101000111000001010010001011
00110010011111001001000000101100
00100100011011110110011100001001
10010110111011111010111110100111
11001001000000101100001001000110
11110110011100001010100101011001
10110001111000001010010001011001
10010011111001001000000101100001
00100011011110110011100001010110
00001101110111110101111101001111
10010010000001011000010010001101
11101100111000000100100000110011
01100010011011101110011101110101
10011111100100100001001111000111
01010011110010011111010010100010
00111010100110100010111010001100
01110100000101101000011101000110
11101010000010100011100000101001
00010110011001001111100100100001
00111100010010001101111011001110
00011011011011101111101011111010
01111100100100001001111000100100
01101111011001110000110110110011
01100011110000010100100010110011
00100111110010010000100111100010
01000110111101100111000011011011
01110111110101111101001111100100
10000100111100010010001101111011
00111000011011011001101100010011
01110111001110111010110101111110
01001000011011101011110101001111
00100111110100101000100010101111
10100111100001111011010011100111
10011010001011101000110001110100
00010110100001110100011011101010
00001010001110000010100100010110
01100100111110010010000110111010
11001000110111101100111000011010
11001011011101111101011111010011
11100100100001101110101100100011
01111011001110000110101100000110
01101100011110000010100100010110
01100100111110010010000110111010
11001000110111101100111000011010
11101010110111011111010111110100
11111001001000011011101011001000
11011110110011100001110011101101
10011011000100110111011100111011
10101110011111100100100001101110
10111101010011110010011111010010
10001011110001011110001110101100
11011110011111000011110110100111
00111100110100010111010001100011
10100000101101000011101000110111
01010000010100011100000101001000
10110011001001111100100100001101
11010110010001101111011001110000
10000110101011011101111101011111
01001111100100100001101110101100
10001101111011001110000110110010
10110011011000111100000101001000
10110011001001111100100100001101
11010110010001101111011001110000
11011100000110111011111010111110
10011111001001000011011101011001
00011011110110011100000010011100
00110011011000100110111011100111
01110101100001111100100100000010
01101011110101001111001001111101
00101000101111000101111000111010
11001101111001111100001111011010
01110011110011010001011101000110
00111010000010110100001110100011
01110101000001010001110000010100
10001011001100100111110010010000
00100110101100100011011110110011
10000100100100011011101111101011
11101001111100100100000010011010
11001000110111101100111000010101
11100101100110110001111000001010
01000101100110010011111001001000
00010011010110010001101111011001
11000011001110010110111011111010
11111010011111001001000000100110
10110010001101111011001110000101
01110111101010110011011000100110
11101110011101110101110111111100
10010000001001101011110101001111
00100111110100101000100011101010
01101000101110100011000111010000
01011010000111010001101110101000
00101000111000001010010001011001
10010011111001001000000100110101
10010001101111011001110000100111
01110010110111011111010111110100
11111001001000000100110101100100
01101111011001110000100111011100
10110011011000111100000101001000
10110011001001111100100100000010
01101011001000110111101100111000
01001110111001011011101111101011
11101001111100100100000010011010
11001000110111101100111000010011
10111001011001101100010011011101
11001110111010100100111110010010
00011100111010111101010011110010
01111101001010001000101011111010
01111000011110110100111001111001
10100010111010001100011101000001
01101000011101000110111010100000
10100011100000101001000101100110
01001111100100100001110011101011
00100011011110110011100001101011
00101101110111110101111101001111
10010010000111001110101100100011
01111011001110000110101100000110
01101100011110000010100100010110
01100100111110010010000111001110
10110010001101111011001110000110
10111010101101110111110101111101
00111110010010000111001110101100
10001101111011001110000111001110
11011001101100010011011101110011
10111010111010111111001001000011
10011101011110101001111001001111
10100101000101111000101111000111
01011001101111001111100001111011
01001110011110011010001011101000
11000111010000010110100001110100
01101110101000001010001110000010
10010001011001100100111110010010
00011100111010110010001101111011
00111000010000110101011011101111
10101111101001111100100100001110
01110101100100011011110110011100
00110110010101100110110001111000
00101001000101100110010011111001
00100001110011101011001000110111
10110011100001101110000011011101
11110101111101001111100100100001
11001110101100100011011110110011
10000001001110000110011011000100
11011101110011101110101111000111
11001001000011100111100111101010
01111001001111101001010001000111
01010011010001011101000110001110
10000010110100001110100011011101
01000001010001110000010100100010
11001100100111110010010000111001
11100110010001101111011001110000
10101001011101101101110111110101
11110100111110010010000111001111
00110010001101111011001110000101
01001011101101100110110001111000
00101001000101100110010011111001
00100001110011110011001000110111
10110011100001010100101110110110
11101111101011111010011111001001
00001110011110011001000110111101
10011100001010100101110110110011
01100010011011101110011101110101
11100111111001001000011100111100
11110101001111001001111101001010
00101111000101111000111010110011
01111001111100001111011010011100
11110011010001011101000110001110
10000010110100001110100011011101
01000001010001110000010100100010
11001100100111110010010000111001
11100110010001101111011001110000
10101001011110010110111011111010
11111010011111001001000011100111
10011001000110111101100111000010
10110011000001100110110001111000
00101001000101100110010011111001
00100001110011110011001000110111
10110011100001010110011110000110
11101111101011111010011111001001
00001110011110011001000110111101
10011100001010111001001000110011
01100011110000010100100010110011
00100111110010010000111001111001
10010001101111011001110000101011
00000010101101110111110101111101
00111110010010000111001111001100
10001101111011001110000101010010
01010101100110110001001101110111
00111011110010010111111001001101
10010110011110101001111001001111
10100101000100011101010011010001
01110100011000111010000010110100
00111010001101110101000001010001
11000001010010001011001100100111
11001001101100101100110010001101
11101100111000010000110110110111
01111101011111010011111001001101
10010110011001000110111101100111
00001000011011011001101100011110
00001010010001011001100100111110
01001101100101100110010001101111
01100111000010000110110110111011
11101011111010011111001001101100
10110011001000110111101100111000
01000011011011001101100010011011
10111001110111100110011111100100
11011001011100111101010011110010
01111101001010001000111010100110
10001011101000110001110100000101
10100001110100011011101010000010
10001110000010100100010110011001
00111110010011011001011100110010
00110111101100111000011011100101
10111011111010111110100111110010
01101100101110011001000110111101
10011100001101110010110011011000
11110000010100100010110011001001
11110010011011001011100110010001
10111101100111000011011100101101
11011111010111110100111110010011
01100101110011001000110111101100
11100001101110010110011011000100
11011101110011101111001101011111
10010011011001011101111101010011
11001001111101001010001000111010
10011010001011101000110001110100
00010110100001110100011011101010
00001010001110000010100100010110
01100100111110010011011001011101
11001000110111101100111000011011
10010110111011111010111110100111
11001001101100101110111001000110
11110110011100001101110010110011
01100011110000010100100010110011
00100111110010011011001011101110
01000110111101100111000011011100
10110111011111010111110100111110
01001101100101110111001000110111
10110011100001101110010110011011
00010011011101110011101111001110
01111110010011011001011101111101
01001111001001111101001010001000
10101111101001111000011110110100
11100111100110100010111010001100
01110100000101101000011101000110
11101010000010100011100000101001
00010110011001001111100100110110
01011101110010001101111011001110
00010101101011101010110111011111
01011111010011111001001101100101
11011100100011011110110011100001
01011100110010110011011000111100
00010100100010110011001001111100
10011011001011101110010001101111
01100111000010101110011000001101
11011111010111110100111110010011
01100101110111001000110111101100
11100001010111001111000011001101
10001001101110111001110111100110
00011111001001101100101110111110
10100111100100111110100101000101
11100010111100011101011001101111
00111110000111101101001110011110
01101000101110100011000111010000
01011010000111010001101110101000
00101000111000001010010001011001
10010011111001001101100101110111
00100011011110110011100001001001
00001010110111011111010111110100
11111001001101100101110111001000
11011110110011100001001001001000
00110011011000111100000101001000
10110011001001111100100110110010
11101110010001101111011001110000
10010010011100101101110111110101
11110100111110010011011001011101
11001000110111101100111000010011
11001110010110011011000111100000
10100100010110011001001111100100
11011001011101110010001101111011
00111000010011110011101010110111
01111101011111010011111001001101
10010111011100100011011110110011
10000101011010111001011001101100
01001101110111001110111100111011
11111001001101100101110101111010
10011110010011111010010100010001
11010100110100010111010001100011
10100000101101000011101000110111
01010000010100011100000101001000
10110011001001111100100110110010
11101011001000110111101100111000
01000010000011011101111101011111
01001111100100110110010111010110
01000110111101100111000010000100
00011001101100011110000010100100
01011001100100111110010011011001
01110101100100011011110110011100
00100001000001101110111110101111
10100111110010011011001011101011
00100011011110110011100001000010
00001100110110001001101110111001
11011110010010011111001001101100
10111010111101010011110010011111
01001010001011110001011110001110
10110011011110011111000011110110
10011100111100110100010111010001
10001110100000101101000011101000
11011101010000010100011100000101
00100010110011001001111100100110
11001011101011001000110111101100
11100001000011100001101110111110
10111110100111110010011011001011
10101100100011011110110011100001
11000001010110011011000111100000
10100100010110011001001111100100
11011001011101011001000110111101
10011100001110001000001101110111
11010111110100111110010011011001
01110101100100011011110110011100
00100100101110010110011011000100
11011101110011101111001110101111
11001001101100101110101111010100
11110010011111010010100010111100
01011110001110101100110111100111
11000011110110100111001111001101
00010111010001100011101000001011
01000011101000110111010100000101
00011100000101001000101100110010
01111100100110110010111010110010
00110111101100111000010101100001
10110110111011111010111110100111
11001001101100101110101100100011
01111011001110000101011101111011
01100110110001111000001010010001
01100110010011111001001101100101
11010110010001101111011001110000
10101110111110010110111011111010
11111010011111001001101100101110
10110010001101111011001110000101
01110101111001011001101100010011
01110111001110111100111100011111
00100110110010111010111101010011
11001001111101001010001000111010
10011010001011101000110001110100
00010110100001110100011011101010
00001010001110000010100100010110
01100100111110010011011001011101
01100100011011110110011100001100
11101011101101101110111110101111
10100111110010011011001011101011
00100011011110110011100001100111
01011101101100110110001111000001
01001000101100110010011111001001
10110010111010110010001101111011
00111000011001110101110110110111
01111101011111010011111001001101
10010111010110010001101111011001
11000011001110101110110110011011
00010011011101110011101111001111
00111111001001101100101110101111
01010011110010011111010010100010
00101011111010011110000111101101
00111001111001101000101110100011
00011101000001011010000111010001
10111010100000101000111000001010
01000101100110010011111001001101
10010111010110010001101111011001
11000010000100111011011011101111
10101111101001111100100110110010
11101011001000110111101100111000
01000011011111000011001101100011
11000001010010001011001100100111
11001001101100101110101100100011
01111011001110000100000010010010
11011101111101011111010011111001
00110110010111010110010001101111
01100111000010000111001101010110
01101100010011011101110011101110
00000101111110010011011001001010
11110101001111001001111101001010
00101111000101111000111010110011
01111001111100001111011010011100
11110011010001011101000110001110
10000010110100001110100011011101
01000001010001110000010100100010
11001100100111110010011011001001
01011001000110111101100111000010
10111100001101110111110101111101
00111110010011011001001010110010
00110111101100111000011001111000
01100110110001111000001010010001
01100110010011111001001101100100
10101100100011011110110011100001
00001010101101110111110101111101
00111110010011011001001010110010
00110111101100111000011011100101
10011011000100110111011100111011
10000100111111001001101100100110
11111010100111100100111110100101
00010001110101001101000101110100
01100011101000001011010000111010
00110111010100000101000111000001
01001000101100110010011111001001
10110010011011100100011011110110
01110000110101011011101111101011
11101001111100100110110010011011
10010001101111011001110000110101
01100110110001111000001010010001
01100110010011111001001101100100
11011100100011011110110011100001
10101011011101111101011111010011
11100100110110010011011100100011
01111011001110000110101011001101
10001001101110111001110111000010
10111111001000010010010010011101
01001111001001111101001010001000
11101010011010001011101000110001
11010000010110100001110100011011
10101000001010001110000010100100
01011001100100111110010000100100
10010010010001101111011001110000
11011011011101111101011111010011
11100100001001001001001001000110
11110110011100001101101100110110
00111100000101001000101100110010
01111100100001001001001001001000
11011110110011100001101101101110
11111010111110100111110010000100
10010010010010001101111011001110
00011011011001101100010011011101
11001110111000011001111110010000
10011011100001110101001111001001
11110100101000101111000101111000
11101011001101111001111100001111
01101001110011110011010001011101
00011000111010000010110100001110
10001101110101000001010001110000
01010010001011001100100111110010
00010011011100001001000110111101
10011100001001110110110111011111
01011111010011111001000010011011
10000100100011011110110011100001
01011101101100110110001111000001
01001000101100110010011111001000
01001101110000100100011011110110
01110000101011110010110111011111
01011111010011111001000010011011
10000100100011011110110011100001
10011001011001101100010011001100
11001100000000000000000000000000