NPP_SAVE: C:\Users\Admin\Desktop\MO\cyfroweprzetwarzaniesygnawwtelekomunikacjiprogramd\temp.py
CD: C:\Users\Admin\Desktop\MO\cyfroweprzetwarzaniesygnawwtelekomunikacjiprogramd\temp.py
Current directory: C:\Users\Admin\Desktop\MO\cyfroweprzetwarzaniesygnawwtelekomunikacjiprogramd
C:\Users\Admin\AppData\Local\Programs\Python\Python35-32\Python.exe -u "C:\Users\Admin\Desktop\MO\cyfroweprzetwarzaniesygnawwtelekomunikacjiprogramd\temp.py"
Process started >>>
0.0020899999999999253
0.0020999999999999908
8.000000000008001e-05
0.0020000000000000018
0.0009500000000000064
0.002080000000000082
0.0009500000000000064
0.0020000000000000018
0.0009399999999999409
0.0020899999999999253
0.0013600000000000279
0.0009399999999999409
0.0005399999999999849
0.0014600000000000168
0.0009000000000001229
0.0011900000000000244
0.003290000000000015
0.0009399999999999409
0.0020000000000000018
0.0008999999999999009
0.0011900000000000244
0.003290000000000015
0.0009399999999999409
0.0020000000000000018
0.0009000000000001229
0.0011900000000000244
0.003290000000000015
0.0009399999999999409
0.0020000000000000018
0.0008999999999999009
0.0011900000000000244
0.003290000000000015
0.0009399999999999409
0.0020000000000000018
0.0009000000000001229
0.0020799999999998597
0.0024000000000001798
0.0009399999999999409
0.0020000000000000018
0.0008999999999999009
0.0011900000000000244
0.0008900000000000574
0.0023999999999999577
0.0009399999999999409
0.0020000000000000018
0.0009000000000001229
0.0011900000000000244
0.0008900000000000574
0.0020499999999998852
0.0020899999999999253
0.0009400000000001629
0.0020000000000000018
0.0008999999999999009
0.002080000000000082
0.0006599999999998829
0.0009400000000001629
0.0020000000000000018
0.0008999999999999009
0.002080000000000082
0.0023999999999999577
0.0009399999999999409
0.0020000000000000018
0.0008999999999999009
0.002080000000000082
0.0023999999999999577
0.0009400000000001629
0.0020000000000000018
0.0008999999999999009
0.002080000000000082
0.0023999999999999577
0.0009399999999999409
0.0020000000000000018
0.0009000000000001229
0.0020799999999998597
0.0023999999999999577
0.0009400000000001629
0.0020000000000000018
0.0008999999999999009
0.002080000000000082
0.0023999999999999577
0.0009399999999999409
0.0020000000000000018
0.0009000000000001229
0.0020799999999998597
0.0023999999999999577
0.0009400000000001629
0.0020000000000000018
0.0008999999999999009
0.002080000000000082
0.0023999999999999577
0.0009399999999999409
0.0020000000000000018
0.0009000000000001229
0.0011900000000000244
0.0008899999999998354
0.0023999999999999577
0.0005500000000000504
0.002080000000000082
0.00031000000000003247
0.00258999999999987
0.002080000000000082
0.0007099999999999884
0.0009399999999999409
0.0020000000000000018
0.0009000000000001229
0.0020799999999998597
0.0024000000000001798
0.0009399999999999409
0.0020000000000000018
0.0008999999999999009
0.002080000000000082
0.0023999999999999577
0.0009399999999999409
0.0020000000000000018
0.0009000000000001229
0.0020799999999998597
0.0024000000000001798
0.0009399999999999409
0.0020000000000000018
0.0008999999999999009
0.002080000000000082
0.0023999999999999577
0.0009399999999999409
0.0020000000000000018
0.0009000000000001229
0.0020799999999998597
0.0024000000000001798
0.0009399999999999409
0.0020000000000000018
0.0008999999999999009
0.002080000000000082
0.0023999999999999577
0.0009399999999999409
0.0020000000000000018
0.0009000000000001229
0.002080000000000082
0.0023999999999999577
0.0009399999999999409
0.0020000000000000018
0.0008999999999999009
0.002080000000000082
0.0023999999999999577
0.0009399999999999409
0.0020000000000000018
0.0009000000000001229
0.002080000000000082
0.0023999999999999577
0.0009399999999999409
0.0020000000000000018
0.0008999999999999009
0.002080000000000082
0.0023999999999999577
0.0009400000000001629
0.0020000000000000018
0.0008999999999999009
0.002080000000000082
0.0023999999999999577
0.0009399999999999409
0.0020000000000000018
0.0009000000000001229
0.0020799999999998597
0.0023999999999999577
0.0009400000000001629
0.0020000000000000018
0.0008999999999999009
0.002080000000000082
0.0023999999999999577
0.0009399999999999409
0.0020000000000000018
0.0009000000000001229
0.0020799999999998597
0.0023999999999999577
0.0009400000000001629
0.0020000000000000018
0.0008999999999999009
0.002080000000000082
0.0023999999999999577
0.0009399999999999409
0.0020000000000000018
0.0009000000000001229
0.0020799999999998597
0.0023999999999999577
0.0009400000000001629
0.0020000000000000018
0.0008999999999999009
0.002080000000000082
0.0023999999999999577
0.0009399999999999409
0.0020000000000000018
0.0009000000000001229
0.0020799999999998597
0.0023999999999999577
0.0009400000000001629
0.0020000000000000018
0.0008999999999999009
0.002080000000000082
0.0023999999999999577
0.0009399999999999409
0.0020000000000000018
0.0009000000000001229
0.0020799999999998597
0.0024000000000001798
0.0009399999999999409
0.0020000000000000018
0.0008999999999999009
0.002080000000000082
0.0023999999999999577
0.0009399999999999409
0.0020000000000000018
0.0009000000000001229
0.0020799999999998597
0.0024000000000001798
0.0009399999999999409
0.0020000000000000018
0.0008999999999999009
0.002080000000000082
0.0023999999999999577
0.0009399999999999409
0.0020000000000000018
0.0009000000000001229
0.0011900000000000244
0.0008899999999998354
0.0024000000000001798
0.0005499999999998284
0.002080000000000082
0.00031000000000003247
0.00258999999999987
0.002080000000000082
0.0007099999999999884
0.0009399999999999409
0.0020000000000000018
0.0009000000000001229
0.19910000000000005
0.0020899999999999253
0.0029399999999999427
0.0020900000000001473
0.0029399999999999427
0.0020899999999999253
0.002950000000000008
0.002080000000000082
0.002950000000000008
0.0015699999999998493
0.0005100000000000104
0.0004300000000001525
0.0020000000000000018
0.0009500000000000064
0.19904999999999995
0.0020899999999999253
0.0029399999999999427
0.0020900000000001473
0.0029399999999999427
0.0020899999999999253
0.002950000000000008
0.98699
0.0029400000000001647
0.0020899999999999253
0.0009399999999999409
0.002000000000000224
0.0009500000000000064
0.0020899999999999253
0.0009399999999999409
0.0019999999999997797
0.0009399999999999409
0.19906000000000024
0.0020899999999999253
0.0009399999999999409
0.002000000000000224
0.0009399999999999409
0.0020899999999999253
0.0029400000000001647
0.0020899999999999253
0.0029399999999997206
0.0020900000000003693
0.0029399999999997206
0.0020899999999999253
0.0009500000000000064
0.002000000000000224
0.0009399999999999409
0.0011399999999999189
0.00295000000000023
0.0020799999999998597
0.0009500000000000064
0.0019999999999997797
0.000940000000000385
0.0020899999999999253
0.0009399999999999409
0.0019999999999997797
0.000940000000000385
0.0020899999999999253
0.0009399999999999409
0.0009500000000000064
0.0010499999999997733
0.0009500000000000064
0.0009399999999999409
0.0011499999999999844
0.000940000000000385
0.0019999999999997797
0.0009399999999999409
0.0011499999999999844
0.0009399999999999409
0.002000000000000224
0.0009399999999999409
0.0011499999999999844
0.0009399999999999409
0.0009399999999999409
0.001060000000000283
0.0009399999999999409
0.0009500000000000064
0.00019999999999997797
0.0009399999999999409
0.0009399999999999409
0.0009500000000000064
0.00011000000000027654
0.0009399999999999409
0.0009500000000000064
0.0009399999999999409
0.00019999999999997797
0.0009399999999999409
0.0009500000000000064
0.0009399999999999409
0.00010999999999983245
0.0009500000000000064
0.000940000000000385
0.0009500000000000064
0.00019999999999997797
0.0009399999999999409
0.0009399999999999409
0.0009500000000000064
0.00010999999999983245
0.0008300000000001084
0.00010999999999983245
0.0009500000000000064
0.0009399999999999409
0.00020000000000042206
0.0007499999999995843
0.00019000000000035655
0.0009500000000000064
0.0009399999999999409
0.00010999999999983245
0.0009500000000000064
0.0009399999999999409
0.00019999999999997797
0.0007500000000000284
0.00018999999999991246
0.0009500000000000064
0.000940000000000385
0.00010999999999983245
0.0008400000000001739
0.00010999999999983245
0.0009399999999999409
0.00019999999999997797
0.0007500000000000284
0.00018999999999991246
0.0007500000000000284
0.00019999999999997797
0.0009399999999999409
0.00011000000000027654
0.0008399999999997299
0.00011000000000027654
0.0008299999999996643
0.00011000000000027654
0.0009500000000000064
0.00018999999999991246
0.0007500000000000284
0.00019999999999997797
0.0007399999999999629
0.00019999999999997797
0.0009500000000000064
0.00011000000000027654
0.0008299999999996643
0.00011000000000027654
0.0008299999999996643
0.00012000000000034206
0.0008299999999996643
0.00011000000000027654
0.00019999999999997797
0.0006300000000001305
0.00010999999999983245
0.0008400000000001739
0.00010999999999983245
0.00019999999999997797
0.0006300000000001305
0.00010999999999983245
0.0008300000000001084
0.00011999999999989797
0.00019999999999997797
0.0006300000000001305
0.00010999999999983245
0.0008300000000001084
0.00010999999999983245
0.00019999999999997797
0.000640000000000196
0.00010999999999983245
0.0008300000000001084
0.00010999999999983245
0.00019999999999997797
0.0006300000000001305
0.00011999999999989797
0.0008300000000001084
0.00011000000000027654
0.00019999999999997797
0.0006299999999996864
0.00011000000000027654
0.0008399999999997299
0.00011000000000027654
0.00019999999999997797
0.0006299999999996864
0.00011000000000027654
0.0008300000000001084
0.00011999999999989797
0.00019999999999997797
0.0006300000000001305
0.00010999999999983245
0.0008300000000001084
0.00010999999999983245
0.00019999999999997797
0.000640000000000196
0.00010999999999983245
0.0008300000000001084
0.00010999999999983245
0.00019999999999997797
0.0006300000000001305
0.00011999999999989797
0.0008300000000001084
0.00010999999999983245
0.00019999999999997797
0.0006300000000001305
0.00010999999999983245
0.0008400000000001739
0.00010999999999983245
0.00019999999999997797
0.0006300000000001305
0.00011000000000027654
0.0008299999999996643
0.00012000000000034206
0.00019999999999997797
0.0006299999999996864
0.00011000000000027654
0.0008299999999996643
0.00011000000000027654
0.00019999999999997797
0.0006399999999997519
0.00011000000000027654
0.0008300000000001084
0.00010999999999983245
0.00019999999999997797
0.0006300000000001305
0.00011999999999989797
0.0008300000000001084
0.00010999999999983245
0.00019999999999997797
0.0006300000000001305
0.00010999999999983245
0.0008400000000001739
0.00010999999999983245
0.00019999999999997797
0.0006300000000001305
0.00010999999999983245
0.0008300000000001084
0.00011999999999989797
0.00019999999999997797
0.0006300000000001305
0.00010999999999983245
0.0008300000000001084
0.00011000000000027654
0.00019999999999997797
0.0006399999999997519
0.00010999999999983245
0.00020000000000042206
0.0006299999999996864
0.00011000000000027654
0.00019999999999997797
0.0006299999999996864
0.00012000000000034206
0.00019999999999997797
0.0006299999999996864
0.00011000000000027654
0.00019999999999997797
0.0006300000000001305
0.00010999999999983245
0.0009500000000000064
0.00019999999999997797
0.0007399999999999629
0.00019999999999997797
0.0007500000000000284
0.00019999999999997797
0.0009399999999999409
0.0009399999999999409
0.0009500000000000064
0.00011000000000027654
0.0009399999999999409
0.0009500000000000064
0.00019999999999997797
0.0007399999999999629
0.00019999999999997797
0.0009399999999999409
0.0010599999999998388
0.000940000000000385
0.0011499999999999844
0.0009399999999999409
0.0009399999999999409
0.0010599999999998388
0.0009399999999999409
0.0009500000000000064
0.00019999999999997797
0.000940000000000385
0.0009399999999999409
0.0009500000000000064
0.00010999999999983245
0.0009399999999999409
0.0009500000000000064
0.0009399999999999409
0.00019999999999997797
0.0009399999999999409
0.0009500000000000064
0.000940000000000385
0.00010999999999983245
0.0008400000000001739
0.00010999999999983245
0.0009399999999999409
0.0009500000000000064
0.00019999999999997797
0.0007399999999999629
0.00019999999999997797
0.0009399999999999409
0.0009500000000000064
0.00011000000000027654
0.0009399999999999409
0.0009500000000000064
0.00019999999999997797
0.0007399999999999629
0.00019999999999997797
0.0009399999999999409
0.0009500000000000064
0.00011000000000027654
0.0009399999999999409
0.0009500000000000064
0.00019999999999997797
0.0007399999999999629
0.00019999999999997797
0.0009399999999999409
0.0009500000000000064
0.00010999999999983245
0.0008300000000001084
0.00010999999999983245
0.0009500000000000064
0.00020000000000042206
0.0007399999999999629
0.00019999999999997797
0.0007500000000000284
0.00018999999999991246
0.0009500000000000064
0.00010999999999983245
0.0008300000000001084
0.00010999999999983245
0.0008400000000001739
0.00010999999999983245
0.0009399999999999409
0.00019999999999997797
0.0007500000000000284
0.00019000000000035655
0.0007500000000000284
0.00019999999999997797
0.0009399999999999409
0.00010999999999983245
0.0008400000000001739
0.00010999999999983245
0.0008300000000001084
0.00010999999999983245
0.0008300000000001084
0.00011999999999989797
0.00019999999999997797
0.0006300000000001305
0.00010999999999983245
0.0008300000000001084
0.00010999999999983245
0.00020000000000042206
0.0006399999999997519
0.00010999999999983245
0.0008300000000001084
0.00011000000000027654
0.00019999999999997797
0.0006299999999996864
0.00012000000000034206
0.0008299999999996643
0.00011000000000027654
0.0009399999999999409
0.00019999999999997797
0.0007500000000000284
0.00019999999999997797
0.0007399999999999629
0.00019999999999997797
0.0009500000000000064
0.00010999999999983245
0.0008300000000001084
0.00010999999999983245
0.0009500000000000064
0.00019000000000035655
0.0007500000000000284
0.00019999999999997797
0.0009399999999999409
0.0009500000000000064
0.0009399999999999409
0.0010599999999998388
0.0009399999999999409
0.000940000000000385
0.0011499999999999844
0.0009399999999999409
0.0019999999999997797
0.0009399999999999409
0.0011499999999999844
0.000940000000000385
0.0019999999999997797
0.0009399999999999409
0.0011499999999999844
0.0009399999999999409
0.002000000000000224
0.0009399999999999409
0.0011499999999999844
0.0009399999999999409
0.0009500000000000064
0.0010500000000002174
0.0009500000000000064
0.0009399999999999409
0.00019999999999997797
0.0009399999999999409
0.0009500000000000064
0.0009399999999999409
0.00010999999999983245
0.0009500000000000064
0.000940000000000385
0.0009399999999999409
0.00019999999999997797
0.0009500000000000064
0.0009399999999999409
0.0009399999999999409
0.00011999999999989797
0.0008300000000001084
0.00010999999999983245
0.0009399999999999409
0.0009500000000000064
0.00019999999999997797
0.000740000000000407
0.00019999999999997797
0.0009399999999999409
0.0009500000000000064
0.00010999999999983245
0.0009399999999999409
0.0009500000000000064
0.00019999999999997797
0.0007399999999999629
0.00019999999999997797
0.000940000000000385
0.0009500000000000064
0.00010999999999983245
0.0009399999999999409
0.0009500000000000064
0.00019999999999997797
0.0007399999999999629
0.00019999999999997797
0.0009500000000000064
0.0009399999999999409
0.00011000000000027654
0.0008299999999996643
0.00012000000000034206
0.0009399999999999409
0.00019999999999997797
0.0007399999999999629
0.00019999999999997797
0.0007500000000000284
0.00019999999999997797
0.0009399999999999409
0.00011000000000027654
0.0008299999999996643
0.00011999999999989797
0.0008300000000001084
0.00011000000000027654
0.0009399999999999409
0.00019999999999997797
0.0007500000000000284
0.00019999999999997797
0.0007399999999999629
0.00019999999999997797
0.0009399999999999409
0.00011999999999989797
0.0008300000000001084
0.00010999999999983245
0.0008300000000001084
0.00011000000000027654
0.0008399999999997299
0.00011000000000027654
0.00019999999999997797
0.0006299999999996864
0.00011000000000027654
0.0008299999999996643
0.00012000000000034206
0.00018999999999991246
0.0006399999999997519
0.00011000000000027654
0.0008300000000001084
0.00010999999999983245
0.00019999999999997797
0.000640000000000196
0.00010999999999983245
0.0008300000000001084
0.00010999999999983245
0.00019999999999997797
0.0006300000000001305
0.00011999999999989797
0.0008300000000001084
0.00010999999999983245
0.0009399999999999409
0.00019999999999997797
0.0007500000000000284
0.00019999999999997797
0.0007399999999999629
0.00019999999999997797
0.000940000000000385
0.00011999999999989797
0.0008300000000001084
0.00010999999999983245
0.0009399999999999409
0.0009500000000000064
0.00019999999999997797
0.0009399999999999409
0.0009399999999999409
0.0009500000000000064
0.002000000000000224
0.0009399999999999409
0.0011399999999999189
0.19886000000000026
0.0020899999999999253
0.0009399999999999409
0.0019999999999997797
0.0009500000000000064
0.002080000000000304
0.0009500000000000064
0.0009399999999999409
0.0010599999999998388
0.0009399999999999409
0.0009500000000000064
0.0011399999999999189
0.000940000000000385
0.0019999999999997797
0.0009500000000000064
0.0011399999999999189
0.0009399999999999409
0.002000000000000224
0.0009500000000000064
0.0011399999999999189
0.0009399999999999409
0.0009500000000000064
0.0010500000000002174
0.0009500000000000064
0.0009399999999999409
0.00019999999999997797
0.0009399999999999409
0.0009500000000000064
0.0009399999999999409
0.00011000000000027654
0.0009500000000000064
0.0009399999999999409
0.0009399999999999409
0.00019999999999997797
0.0009500000000000064
0.0009399999999999409
0.0009500000000000064
0.00010999999999983245
0.0008300000000001084
0.00010999999999983245
0.0009500000000000064
0.000940000000000385
0.00019999999999997797
0.0007399999999999629
0.00019999999999997797
0.0018899999999999473
0.00010999999999983245
0.0009500000000000064
0.0011399999999999189
0.0007399999999999629
0.00020000000000042206
0.0018899999999999473
0.00010999999999983245
0.0009500000000000064
0.0011399999999999189
0.0007399999999999629
0.00019999999999997797
0.9918300000000002
0.0029399999999997206
0.0020899999999999253
0.0009399999999999409
0.002000000000000668
0.0009499999999995623
0.002080000000000304
0.0009499999999995623
0.002000000000000668
0.0009399999999999409
0.0020899999999999253
0.0009399999999999409
0.0009499999999995623
0.0010500000000002174
0.0009499999999995623
0.0009400000000008291
0.0011399999999994748
0.0009500000000004505
0.0019999999999997797
0.0009399999999999409
0.001140000000000363
0.0009499999999995623
0.0019999999999997797
0.0009399999999999409
0.001140000000000363
0.0009499999999995623
0.0009400000000008291
0.0010599999999998388
0.0009399999999999409
0.0009499999999995623
0.00018999999999991246
0.0009500000000004505
0.0019999999999997797
0.0009399999999999409
0.001140000000000363
0.0009499999999995623
0.0019999999999997797
0.0009400000000008291
0.0011499999999999844
0.0009399999999999409
0.0019999999999997797
0.0009399999999999409
0.0011499999999999844
0.0009399999999999409
0.0009399999999999409
0.0019999999999997797
0.0009500000000004505
0.19904999999999973
0.0020899999999999253
0.002940000000000609
0.0020899999999999253
0.0029399999999997206
0.0020899999999999253
0.0029399999999997206
0.9870000000000001
0.002940000000000609
0.0020899999999999253
0.0009399999999999409
0.0019999999999997797
0.0009499999999995623
0.002080000000000304
0.0009500000000004505
0.0019999999999997797
0.0009399999999999409
0.0020899999999999253
0.0009399999999999409
0.0009500000000004505
0.0010499999999993292
0.0009500000000004505
0.0009399999999999409
0.0011399999999994748
0.0009500000000004505
0.0019999999999997797
0.0009399999999999409
0.001140000000000363
0.0009499999999995623
0.002000000000000668
0.0009399999999999409
0.0020899999999999253
0.0009399999999999409
0.0019999999999997797
0.0009500000000004505
0.0011399999999994748
0.0009399999999999409
0.0019999999999997797
0.0009500000000004505
0.001140000000000363
0.0009399999999999409
0.0019999999999997797
0.9870000000000001
0.0029399999999997206
0.0020899999999999253
0.0009399999999999409
0.0019999999999997797
0.0009500000000004505
0.002080000000000304
0.0009499999999995623
0.0019999999999997797
0.0009399999999999409
0.0020899999999999253
0.0009400000000008291
0.0009499999999995623
0.0010500000000002174
0.0009499999999995623
0.0009399999999999409
0.001140000000000363
0.0009499999999995623
0.002000000000000668
0.0009399999999999409
0.0011399999999994748
0.0009500000000004505
0.0019999999999997797
0.0009399999999999409
0.001140000000000363
0.0009499999999995623
0.0009399999999999409
0.001060000000000727
0.0009399999999999409
0.0009399999999999409
0.00019999999999953388
0.0009500000000004505
0.0009399999999999409
0.0009499999999995623
0.00011000000000027654
0.0009399999999999409
0.0009499999999995623
0.0009400000000008291
0.00019999999999953388
0.0009399999999999409
0.0009500000000004505
0.0009399999999999409
0.00010999999999938836
0.0009500000000004505
0.0009399999999999409
0.0009399999999999409
0.00020000000000042206
0.0009499999999995623
0.0009399999999999409
0.0009399999999999409
0.00011999999999989797
0.0009399999999999409
0.0009399999999999409
0.00020000000000042206
0.0007500000000000284
0.00019999999999953388
0.0009399999999999409
0.0009400000000008291
0.00011999999999989797
0.0009399999999999409
0.0011399999999994748
0.0009500000000004505
0.0019999999999997797
0.0009399999999999409
0.0020899999999999253
0.0009399999999999409
0.002000000000000668
0.0009499999999995623
0.002080000000000304
0.0009499999999995623
0.0019999999999997797
0.0009399999999999409
0.0020900000000008134
0.0009399999999999409
0.0009399999999999409
0.0010599999999998388
0.0009399999999999409
0.0009499999999995623
0.001140000000000363
0.0009399999999999409
0.0019999999999997797
0.0009500000000004505
0.0011399999999994748
0.0009399999999999409
0.002000000000000668
0.0009499999999995623
0.001140000000000363
0.0009499999999995623
0.0009399999999999409
0.001060000000000727
0.0009399999999999409
0.0009399999999999409
0.00019999999999953388
0.0009500000000004505
0.0009399999999999409
0.0010599999999998388
0.0009399999999999409
0.0009399999999999409
0.00020000000000042206
0.0009499999999995623
0.0009399999999999409
0.0010599999999998388
0.0009399999999999409
0.001140000000000363
0.0009500000000004505
0.0019999999999997797
0.0009399999999999409
0.0020899999999999253
0.0009399999999999409
0.0019999999999997797
0.0009399999999999409
0.0020899999999999253
0.00295000000000023
0.002080000000000304
0.00295000000000023
0.0020799999999994156
0.00295000000000023
0.0007099999999997664
0.0013700000000005375
0.0015699999999991832
0.0013800000000001589
0.002080000000000304
0.0009499999999995623
0.002000000000000668
0.0009399999999999409
0.0020899999999999253
0.0009399999999999409
0.0019999999999997797
0.0009500000000004505
0.0020799999999994156
0.0009500000000004505
0.0009399999999999409
0.0010599999999998388
0.0009399999999999409
0.0009399999999999409
0.0011499999999999844
0.0009399999999999409
0.002000000000000668
0.0009399999999999409
0.0011499999999999844
0.0009399999999999409
0.0019999999999997797
0.0009399999999999409
0.0011499999999999844
0.0009399999999999409
0.0009399999999999409
0.0010599999999998388
0.0009399999999999409
0.0009500000000004505
0.00019999999999953388
0.0009399999999999409
0.0009500000000004505
0.0009399999999999409
0.00011000000000027654
0.0009499999999995623
0.0009399999999999409
0.0009399999999999409
0.00020000000000042206
0.0009499999999995623
0.0009399999999999409
0.0009400000000008291
0.00011999999999989797
0.0009399999999999409
0.0009399999999999409
0.0009499999999995623
0.00020000000000042206
0.0009399999999999409
0.0009399999999999409
0.0009499999999995623
0.00011000000000027654
0.0008299999999996643
0.00011000000000027654
0.0009500000000004505
0.0009399999999999409
0.00019999999999953388
0.0007500000000000284
0.00018999999999991246
0.0009500000000004505
0.0009399999999999409
0.00011000000000027654
0.0009499999999995623
0.0009399999999999409
0.00020000000000042206
0.0007500000000000284
0.00018999999999991246
0.0018899999999995032
0.00011000000000027654
0.0008400000000001739
0.00010999999999938836
0.001140000000000363
0.0007500000000000284
0.00020000000000042206
0.0007399999999995188
0.001140000000000363
0.00011999999999989797
0.0008299999999996643
0.00011000000000027654
0.0011399999999994748
0.0007500000000000284
0.00020000000000042206
0.0018799999999998818
0.0009500000000004505
0.0019999999999997797
0.0009399999999999409
0.0020899999999999253
0.0009399999999999409
0.0019999999999997797
0.0009500000000004505
0.0020799999999994156
0.0009500000000004505
0.0009399999999999409
0.0010599999999998388
0.0009399999999999409
0.0009399999999999409
0.0011499999999999844
0.0009399999999999409
0.002000000000000668
0.0009399999999999409
0.0011499999999999844
0.0009399999999999409
0.0019999999999997797
0.0009500000000004505
0.0020799999999994156
0.0009500000000004505
0.0019999999999997797
0.0009399999999999409
0.001140000000000363
0.0009499999999995623
0.0019999999999997797
0.0009399999999999409
0.001140000000000363
0.0009499999999995623
0.002000000000000668
0.0020799999999994156
0.0009500000000004505
0.0019999999999997797
0.0009399999999999409
0.0020899999999999253
0.0009399999999999409
0.002000000000000668
0.0009499999999995623
0.002080000000000304
0.0009499999999995623
0.0019999999999997797
0.0009400000000008291
0.0020899999999999253
0.0009399999999999409
0.0009399999999999409
0.0010599999999998388
0.0009399999999999409
0.0009499999999995623
0.002080000000000304
0.00295000000000023
0.002080000000000304
0.002949999999999342
0.0020899999999999253
0.002940000000000609
0.0020899999999999253
0.0029399999999997206
0.0020899999999999253
0.0009399999999999409
0.0019999999999997797
0.0009400000000008291
0.0020899999999999253
0.0009399999999999409
0.0019999999999997797
0.0009499999999995623
0.002080000000000304
0.0009500000000004505
0.0019999999999997797
0.0009399999999999409
0.0020899999999999253
0.0009399999999999409
0.0009500000000004505
0.0010499999999993292
0.0009500000000004505
0.0009399999999999409
0.0011399999999994748
0.0009500000000004505
0.0019999999999997797
0.0009399999999999409
0.19497000000000053
0.0020899999999999253
0.0029399999999997206
0.0020899999999999253
0.0029399999999997206
0.0020900000000008134
0.0029399999999997206
0.0020899999999999253
0.0029399999999997206
0.0020899999999999253
0.0009399999999999409
0.002000000000000668
0.0009499999999995623
0.001140000000000363
0.0029399999999997206
0.0020899999999999253
0.0009399999999999409
0.0019999999999997797
0.0009500000000004505
0.002080000000000304
0.0009499999999995623
0.0019999999999997797
0.0009399999999999409
0.0020899999999999253
0.0009400000000008291
0.0009499999999995623
0.0010500000000002174
0.0009499999999995623
0.0009399999999999409
0.001140000000000363
0.0009499999999995623
0.002000000000000668
0.0009399999999999409
0.0020899999999999253
0.0029399999999997206
0.0020899999999999253
0.002940000000000609
0.0020899999999999253
0.0029399999999997206
0.0020899999999999253
0.0029399999999997206
0.0020899999999999253
0.0009400000000008291
0.0019999999999997797
0.0009499999999995623
0.002080000000000304
0.0009499999999995623
0.002000000000000668
0.0009399999999999409
0.0020899999999999253
0.0009399999999999409
0.0019999999999997797
0.0009500000000004505
0.0020799999999994156
0.0009500000000004505
0.0009399999999999409
0.0010599999999998388
0.0009399999999999409
0.0009399999999999409
0.0020899999999999253
0.002940000000000609
0.0020899999999999253
0.002949999999999342
0.002080000000000304
0.00295000000000023
0.0020799999999994156
0.00295000000000023
0.002080000000000304
0.0009499999999995623
0.002000000000000668
0.0009399999999999409
0.0020899999999999253
0.0009399999999999409
0.0019999999999997797
0.0009399999999999409
0.0020899999999999253
0.00295000000000023
0.002080000000000304
0.002949999999999342
0.002080000000000304
0.002220000000000333
0.0007299999999998974
0.0022099999999998232
0.0020899999999999253
0.0029399999999997206
0.0020899999999999253
0.002940000000000609
0.9687499999999991
0.002940000000000609
0.0020900000000008134
0.0009399999999999409
0.0019999999999988916
0.0009499999999995623
0.002080000000001192
0.0009499999999995623
0.002000000000000668
0.0009399999999999409
0.002089999999999037
0.0009399999999999409
0.0009399999999999409
0.001060000000000727
0.0009399999999999409
0.0009499999999995623
0.0011399999999994748
0.0009400000000017172
0.0019999999999988916
0.0009499999999995623
0.0011400000000012511
0.0009399999999999409
0.0019999999999988916
0.0009500000000013387
0.0011399999999994748
0.0009499999999995623
0.0009399999999999409
0.001060000000000727
0.0009399999999999409
0.0009399999999999409
0.00019999999999953388
0.0009499999999995623
0.002000000000000668
0.0009399999999999409
0.0011399999999994748
0.0009500000000013387
0.0019999999999988916
0.0009399999999999409
0.0011399999999994748
0.0009500000000013387
0.0019999999999988916
0.0009399999999999409
0.0011400000000012511
0.0009499999999995623
0.0009399999999999409
0.002000000000000668
0.0009399999999999409
0.002089999999999037
0.0009499999999995623
0.002000000000000668
0.0009399999999999409
0.0020900000000008134
0.0009399999999999409
0.0019999999999988916
0.0009399999999999409
0.0020900000000008134
0.0009399999999999409
0.0009499999999995623
0.0010499999999993292
0.0009500000000013387
0.0009399999999999409
0.0011399999999994748
0.0009499999999995623
0.002000000000000668
0.0009399999999999409
0.0020900000000008134
0.0029399999999988324
0.0020900000000008134
0.0029399999999988324
0.0020900000000008134
0.002940000000000609
0.002089999999999037
0.0009399999999999409
0.002000000000000668
0.0009499999999995623
0.0011399999999994748
0.002940000000000609
0.002089999999999037
0.0009400000000017172
0.0019999999999988916
0.0009499999999995623
0.0020900000000008134
0.0009399999999999409
0.002000000000000668
0.0009399999999999409
0.002089999999999037
0.0009399999999999409
0.0009499999999995623
0.0010500000000011056
0.0009499999999995623
0.0009399999999999409
0.0011399999999994748
0.0009500000000013387
0.0019999999999988916
0.0009399999999999409
0.0011400000000012511
0.0009499999999995623
0.0019999999999988916
0.0009400000000017172
0.002089999999999037
0.002940000000000609
0.002089999999999037
0.0009399999999999409
0.002000000000000668
0.0009499999999995623
0.0011399999999994748
0.002940000000000609
0.0020900000000008134
0.0009399999999999409
0.0019999999999988916
0.0009500000000013387
0.0020799999999994156
0.0009499999999995623
0.002000000000000668
0.0009399999999999409
0.002089999999999037
0.0009399999999999409
0.0009500000000013387
0.0010499999999993292
0.0009499999999995623
0.0009399999999999409
0.0011400000000012511
0.0009499999999995623
0.0019999999999988916
0.0009399999999999409
0.0011400000000012511
0.0009499999999995623
0.002000000000000668
0.0009399999999999409
0.0011399999999994748
0.00295000000000023
0.0020799999999994156
0.0009499999999995623
0.002000000000000668
0.0009399999999999409
0.0020900000000008134
0.0009399999999999409
0.0019999999999988916
0.0009500000000013387
0.19904999999999973
0.002089999999999037
0.0009399999999999409
0.002000000000000668
0.0009499999999995623
0.0011399999999994748
0.0009399999999999409
0.002000000000000668
0.0009499999999995623
0.0011400000000012511
0.0009399999999999409
0.0019999999999988916
0.0009500000000013387
0.0011399999999994748
0.0029399999999988324
0.19592000000000098
0.0020799999999994156
0.00295000000000023
0.0020799999999994156
0.00295000000000023
0.0020900000000008134
0.002940000000000609
0.002089999999999037
0.002940000000000609
0.002089999999999037
0.0009399999999999409
0.002000000000000668
0.0009399999999999409
0.002089999999999037
0.0009400000000017172
0.0019999999999988916
0.0009499999999995623
0.002080000000001192
0.0009499999999995623
0.002000000000000668
0.0009399999999999409
0.002089999999999037
0.0009399999999999409
0.0009499999999995623
0.0010500000000011056
0.0009499999999995623
0.0009399999999999409
0.0011399999999994748
0.0009500000000013387
0.0019999999999988916
0.0009399999999999409
0.0020900000000008134
0.0029399999999988324
0.0020900000000008134
0.002940000000000609
0.002089999999999037
0.002940000000000609
0.002089999999999037
0.002940000000000609
0.0020900000000008134
0.0009399999999999409
0.0019999999999988916
0.0009500000000013387
0.0020799999999994156
0.0009499999999995623
0.002000000000000668
0.0009399999999999409
0.002089999999999037
0.0009399999999999409
0.002000000000000668
0.0009499999999995623
0.002080000000001192
0.0009499999999995623
0.0009399999999999409
0.0010599999999989507
0.0009399999999999409
0.0009399999999999409
0.0011500000000008725
0.0009399999999999409
0.002000000000000668
0.0009499999999995623
0.0011399999999994748
0.0009399999999999409
0.002000000000000668
0.0009499999999995623
0.0011399999999994748
0.0009399999999999409
0.002000000000000668
0.0009499999999995623
0.0011400000000012511
0.0009399999999999409
0.0019999999999988916
0.0009499999999995623
0.0011400000000012511
0.0029399999999988324
0.0020900000000008134
0.0009399999999999409
0.002000000000000668
0.0009499999999995623
0.0020799999999994156
0.0009499999999995623
0.002000000000000668
0.0009399999999999409
0.0020900000000008134
0.0009399999999999409
0.0009499999999995623
0.0010499999999993292
0.0009500000000013387
0.0009399999999999409
0.0011399999999994748
0.0009499999999995623
0.002000000000000668
0.0009399999999999409
0.0011399999999994748
0.0009499999999995623
0.002000000000000668
0.0009399999999999409
0.0011399999999994748
0.0009500000000013387
0.0009399999999999409
0.0010599999999989507
0.0009399999999999409
0.0009499999999995623
0.00018999999999991246
0.0009500000000013387
0.0009399999999999409
0.0009499999999995623
0.00010999999999938836
0.0009399999999999409
0.0009500000000013387
0.0009399999999999409
0.00019999999999953388
0.0009399999999999409
0.0009499999999995623
0.0009399999999999409
0.00011000000000116472
0.0009499999999995623
0.0009399999999999409
0.0009399999999999409
0.0011499999999990962
0.0009399999999999409
0.0009399999999999409
0.001060000000000727
0.0009399999999999409
0.0009499999999995623
0.00020000000000131024
0.0009399999999999409
0.0009399999999999409
0.0010599999999989507
0.0009399999999999409
0.0011500000000008725
0.0009399999999999409
0.0009499999999995623
0.002000000000000668
0.0009399999999999409
0.002089999999999037
0.0009399999999999409
0.002000000000000668
0.0009399999999999409
0.0020900000000008134
0.0009399999999999409
0.0019999999999988916
0.0009499999999995623
0.002080000000001192
0.0009499999999995623
0.0009399999999999409
0.001060000000000727
0.0009399999999999409
0.0009499999999995623
0.0011399999999994748
0.0009399999999999409
0.002000000000000668
0.0009499999999995623
0.0011399999999994748
0.0009399999999999409
0.002000000000000668
0.0009499999999995623
0.002080000000001192
0.0009499999999995623
0.002000000000000668
0.0009399999999999409
0.0011399999999994748
0.0009499999999995623
0.002000000000000668
0.0009399999999999409
0.0011399999999994748
0.0009499999999995623
0.002000000000000668
0.0020799999999994156
0.0009499999999995623
0.002000000000000668
0.0009399999999999409
0.0020900000000008134
0.0009399999999999409
0.0019999999999988916
0.0009500000000013387
0.0020799999999994156
0.0009499999999995623
0.002000000000000668
0.0009399999999999409
0.002089999999999037
0.0009399999999999409
0.0009500000000013387
0.0010499999999993292
0.0009499999999995623
0.0009399999999999409
0.0011400000000012511
0.0009499999999995623
0.0019999999999988916
0.0009400000000017172
0.0011399999999994748
0.0009499999999995623
0.002000000000000668
0.0009399999999999409
0.0011399999999994748
0.0009499999999995623
0.0009399999999999409
0.001060000000000727
0.0009399999999999409
0.0009499999999995623
0.00018999999999991246
0.0009499999999995623
0.0009399999999999409
0.0009500000000013387
0.00010999999999938836
0.0009399999999999409
0.0009499999999995623
0.0009399999999999409
0.00020000000000131024
0.0009399999999999409
0.0009499999999995623
0.0009399999999999409
0.00010999999999938836
0.0009500000000013387
0.0009399999999999409
0.0009399999999999409
0.00019999999999953388
0.0009499999999995623
0.0009399999999999409
0.0009399999999999409
0.00012000000000078614
0.0008299999999987762
0.00011000000000116472
0.0009399999999999409
0.0009499999999995623
0.00019999999999953388
0.000740000000000407
0.00019999999999953388
0.0009399999999999409
0.0009500000000013387
0.00010999999999938836
0.0009399999999999409
0.0009499999999995623
0.00020000000000131024
0.0007399999999986306
0.00020000000000131024
0.0009499999999995623
0.0009399999999999409
0.00010999999999938836
0.0008300000000005525
0.00011999999999900979
0.0009399999999999409
0.00020000000000131024
0.0007399999999986306
0.00020000000000131024
0.0007500000000000284
0.00019999999999953388
0.0009399999999999409
0.00010999999999938836
0.0008300000000005525
0.00012000000000078614
0.0009399999999999409
0.00019999999999953388
0.0009399999999999409
0.0009499999999995623
0.002000000000000668
0.0009399999999999409
0.002089999999999037
0.0009399999999999409
0.002000000000000668
0.0009399999999999409
0.0020900000000008134
0.0009399999999999409
0.0009499999999995623
0.0010499999999993292
0.0009500000000013387
0.0009399999999999409
0.0011499999999990962
0.0009399999999999409
0.002000000000000668
0.0009399999999999409
0.0011499999999990962
0.0009399999999999409
0.002000000000000668
0.0009399999999999409
0.0011499999999990962
0.0009400000000017172
0.0009399999999999409
0.0010599999999989507
0.0009399999999999409
0.0009499999999995623
0.00020000000000131024
0.0009399999999999409
0.0009399999999999409
0.0010599999999989507
0.0009399999999999409
0.0009500000000013387
0.00019999999999953388
0.0009399999999999409
0.0009399999999999409
0.001060000000000727
0.0009399999999999409
0.0011499999999990962
0.0009399999999999409
0.002000000000000668
0.0009499999999995623
0.0020799999999994156
0.0009500000000013387
0.0019999999999988916
0.0009399999999999409
0.0020900000000008134
0.0009399999999999409
0.0019999999999988916
0.0009399999999999409
0.0020900000000008134
0.0009399999999999409
0.0009499999999995623
0.0010500000000011056
0.0009499999999995623
0.0009399999999999409
0.0011399999999994748
0.0009499999999995623
0.002000000000000668
0.0009399999999999409
0.0011500000000008725
0.0009399999999999409
0.0019999999999988916
0.0009399999999999409
0.0011500000000008725
0.0009399999999999409
0.0009399999999999409
0.0010599999999989507
0.0009400000000017172
0.0009499999999995623
0.00019999999999953388
0.0009399999999999409
0.0009399999999999409
0.0009499999999995623
0.00011000000000116472
0.0009399999999999409
0.0009499999999995623
0.0009399999999999409
0.00019999999999953388
0.0009399999999999409
0.0009500000000013387
0.0009399999999999409
0.00010999999999938836
0.0009499999999995623
0.0009399999999999409
0.0009499999999995623
0.00018999999999991246
0.0009500000000013387
0.0009399999999999409
0.0009499999999995623
0.00010999999999938836
0.0009399999999999409
0.0009500000000013387
0.00019999999999953388
0.000740000000000407
0.00019999999999953388
0.0009399999999999409
0.0009499999999995623
0.00011000000000116472
0.0009399999999999409
0.0011499999999990962
0.0009399999999999409
0.002000000000000668
0.0009399999999999409
0.002089999999999037
0.0009399999999999409
0.002000000000000668
0.0009499999999995623
0.002080000000001192
0.0009499999999995623
0.0019999999999988916
0.0009399999999999409
0.0020900000000008134
0.0009399999999999409
0.0009499999999995623
0.0010500000000011056
0.0009499999999995623
0.0009399999999999409
0.0011399999999994748
0.0009499999999995623
0.002000000000000668
0.0009399999999999409
0.0011399999999994748
0.0009500000000013387
0.0019999999999988916
0.0009399999999999409
0.0011400000000012511
0.0009499999999995623
0.0009399999999999409
0.001060000000000727
0.0009399999999999409
0.0009499999999995623
0.00018999999999991246
0.0009499999999995623
0.0009399999999999409
0.0009499999999995623
0.00011000000000116472
0.0009399999999999409
0.0009499999999995623
0.0009399999999999409
0.00019999999999953388
0.0009399999999999409
0.0009500000000013387
0.0009399999999999409
0.00010999999999938836
0.0009499999999995623
0.0009399999999999409
0.0009399999999999409
0.00020000000000131024
0.0009499999999995623
0.0009399999999999409
0.0009399999999999409
0.00011999999999900979
0.0008300000000005525
0.00010999999999938836
0.0009399999999999409
0.0009500000000013387
0.00019999999999953388
0.000740000000000407
0.00019999999999953388
0.0009499999999995623
0.0009399999999999409
0.00011000000000116472
0.0009499999999995623
0.0009399999999999409
0.00019999999999953388
0.000740000000000407
0.00019999999999953388
0.0009499999999995623
0.0009399999999999409
0.00011000000000116472
0.0008300000000005525
0.00011999999999900979
0.0009399999999999409
0.00019999999999953388
0.000740000000000407
0.00019999999999953388
0.0007500000000000284
0.00020000000000131024
0.0009399999999999409
0.00010999999999938836
0.0008300000000005525
0.00011999999999900979
0.0008300000000005525
0.00010999999999938836
0.0009399999999999409
0.00020000000000131024
0.0007500000000000284
0.00019999999999953388
0.000740000000000407
0.00019999999999953388
0.0009399999999999409
0.00011999999999900979
0.0008300000000005525
0.00011000000000116472
0.0008299999999987762
0.00011000000000116472
0.0008399999999983976
0.00011000000000116472
0.00019999999999953388
0.0006299999999992423
0.00011000000000116472
0.0008300000000005525
0.00011999999999900979
0.00018999999999991246
0.0006400000000006401
0.00010999999999938836
0.0008300000000005525
0.00010999999999938836
0.00019999999999953388
0.0006400000000006401
0.00010999999999938836
0.0008300000000005525
0.00010999999999938836
0.00020000000000131024
0.0006299999999992423
0.00012000000000078614
0.0008299999999987762
0.00011000000000116472
0.00019999999999953388
0.0006299999999992423
0.00011000000000116472
0.0008400000000001739
0.00010999999999938836
0.00019999999999953388
0.0006300000000010186
0.00010999999999938836
0.0008300000000005525
0.00011999999999900979
0.00018999999999991246
0.0006400000000006401
0.00010999999999938836
0.0008300000000005525
0.00010999999999938836
0.00020000000000131024
0.0006399999999988637
0.00011000000000116472
0.0008299999999987762
0.00011000000000116472
0.00019999999999953388
0.0006299999999992423
0.00012000000000078614
0.0008300000000005525
0.00010999999999938836
0.0008300000000005525
0.00010999999999938836
0.00019999999999953388
0.0006400000000006401
0.00010999999999938836
0.00019999999999953388
0.0006300000000010186
0.00010999999999938836
0.00019999999999953388
0.0006300000000010186
0.00011999999999900979
0.00018999999999991246
0.0006400000000006401
0.00010999999999938836
0.00020000000000131024
0.000740000000000407
0.00019999999999953388
0.0007500000000000284
0.00019999999999953388
0.000740000000000407
0.0011399999999994748
0.0009499999999995623
0.0009399999999999409
0.002000000000000668
0.0009499999999995623
0.002080000000001192
0.002949999999998454
0.002080000000001192
0.00295000000000023
0.0020799999999994156
0.00295000000000023
0.0020799999999994156
0.00295000000000023
0.0020799999999994156
0.00295000000000023
0.0020900000000008134
0.0029399999999988324
0.0020900000000008134
0.002940000000000609
0.002089999999999037
0.002940000000000609
0.002089999999999037
0.002940000000000609
0.0020900000000008134
0.0029399999999988324
0.0020900000000008134
0.0029399999999988324
0.0020900000000008134
0.002940000000000609
0.9357199999999999
0.0030000000000001137
0.0020999999999986585
0.0009000000000014552
0.0019999999999988916
0.0008999999999996788
0.002100000000000435
0.0009999999999994458
0.002000000000000668
0.0008999999999996788
0.002100000000000435
0.0009999999999994458
0.0008999999999996788
0.001100000000000989
0.0008999999999996788
0.0008999999999996788
0.001200000000000756
0.0008999999999996788
0.002000000000000668
0.0009999999999994458
0.0010999999999992127
0.0010000000000012221
0.0019999999999988916
0.0009000000000014552
0.0010999999999992127
0.0009999999999994458
0.0008999999999996788
0.001100000000000989
0.0008999999999996788
0.0009999999999994458
0.00020000000000131024
0.0008999999999996788
0.0009999999999994458
0.0008999999999996788
9.999999999976694e-05
0.0010000000000012221
0.0008999999999996788
0.0008999999999996788
0.00019999999999953388
0.0010000000000012221
0.0008999999999996788
0.0009999999999994458
9.999999999976694e-05
0.0009000000000014552
0.0009999999999994458
0.0008999999999996788
0.00019999999999953388
0.0010000000000012221
0.0008999999999996788
0.0009999999999994458
9.999999999976694e-05
0.0007999999999999119
9.999999999976694e-05
0.0010000000000012221
0.0008999999999996788
0.00019999999999953388
0.000700000000000145
0.00019999999999953388
0.0010000000000012221
0.0008999999999996788
9.999999999976694e-05
0.0009999999999994458
0.0008999999999996788
0.00020000000000131024
0.0007999999999999119
0.00019999999999953388
0.0008999999999996788
0.0010000000000012221
9.999999999976694e-05
0.0007999999999999119
9.999999999976694e-05
0.0009999999999994458
0.00019999999999953388
0.000700000000000145
0.0009000000000014552
0.00019999999999953388
0.0004999999999988347
0.00140000000000029
0.19860000000000078
0.002100000000000435
<<< Process finished. (Exit code 0)
================ READY ================
